1.000000000000000000e+00,7.587953209877014160e-01,9.412266612052917480e-01,9.922277927398681641e-01,1.000000000000000000e+00,8.806574344635009766e-01,7.006245255470275879e-01,9.372818470001220703e-01,7.433175444602966309e-01,5.962356925010681152e-01,1.000000000000000000e+00,1.000000000000000000e+00,9.999999403953552246e-01,9.996665120124816895e-01,1.000000000000000000e+00,1.000000000000000000e+00,1.000000000000000000e+00,9.999999403953552246e-01,1.000000000000000000e+00,1.000000000000000000e+00,1.000000000000000000e+00,1.000000000000000000e+00,1.000000000000000000e+00,1.000000000000000000e+00,9.829410910606384277e-01,8.707631230354309082e-01,1.000000000000000000e+00,1.000000000000000000e+00,1.000000000000000000e+00,6.608725190162658691e-01,1.000000000000000000e+00,1.000000000000000000e+00,1.000000000000000000e+00,9.998065829277038574e-01,1.000000000000000000e+00,1.000000000000000000e+00,9.999999403953552246e-01,9.997284412384033203e-01,1.000000000000000000e+00,1.000000000000000000e+00,1.000000000000000000e+00,9.999999403953552246e-01,1.000000000000000000e+00,1.000000000000000000e+00,1.000000000000000000e+00,1.000000000000000000e+00,1.000000000000000000e+00,9.999999403953552246e-01,1.000000000000000000e+00,1.650134772062301636e-01,1.000000000000000000e+00,1.000000000000000000e+00,1.000000000000000000e+00,9.999897480010986328e-01,1.000000000000000000e+00,1.000000000000000000e+00,1.000000000000000000e+00,9.996101856231689453e-01,9.999999403953552246e-01,1.000000000000000000e+00,1.000000000000000000e+00,9.981703162193298340e-01,1.000000000000000000e+00,1.000000000000000000e+00,1.000000000000000000e+00,9.354572296142578125e-01,1.000000000000000000e+00,1.000000000000000000e+00,9.999999403953552246e-01,9.948546290397644043e-01,1.000000000000000000e+00,1.000000000000000000e+00,1.000000000000000000e+00,1.000000000000000000e+00,1.000000000000000000e+00,1.000000119209289551e+00,1.000000000000000000e+00,9.996514320373535156e-01,9.999999403953552246e-01,1.000000000000000000e+00,1.000000000000000000e+00,9.823474884033203125e-01,1.000000000000000000e+00,1.000000000000000000e+00,1.000000000000000000e+00,9.204938411712646484e-01,1.000000000000000000e+00,1.000000000000000000e+00,1.000000000000000000e+00,1.000000000000000000e+00,1.000000000000000000e+00,9.999999403953552246e-01,1.000000000000000000e+00,1.000000000000000000e+00,1.000000000000000000e+00,1.000000000000000000e+00,1.000000000000000000e+00,9.998314976692199707e-01,1.000000000000000000e+00,1.000000000000000000e+00,1.000000000000000000e+00,9.307721257209777832e-01,1.000000000000000000e+00,1.000000000000000000e+00,1.000000000000000000e+00,9.785342216491699219e-01,1.000000000000000000e+00,1.000000000000000000e+00,1.000000000000000000e+00,1.000000000000000000e+00,1.000000000000000000e+00,1.000000000000000000e+00,1.000000000000000000e+00,1.000000000000000000e+00,1.000000000000000000e+00,9.436213374137878418e-01,1.000000000000000000e+00,1.000000000000000000e+00,1.000000000000000000e+00,1.000000000000000000e+00,1.000000000000000000e+00,8.923303484916687012e-01,9.567344188690185547e-01,1.000000000000000000e+00,1.000000000000000000e+00,1.000000000000000000e+00,1.000000000000000000e+00,1.000000000000000000e+00,1.000000000000000000e+00,1.000000000000000000e+00,1.000000000000000000e+00,1.000000000000000000e+00,1.000000000000000000e+00,1.000000000000000000e+00,9.980666041374206543e-01,9.160204529762268066e-01,1.000000000000000000e+00,1.000000000000000000e+00,9.454979896545410156e-01,9.446038603782653809e-01
7.587953209877014160e-01,1.000000000000000000e+00,6.663193106651306152e-01,7.378352284431457520e-01,7.587946057319641113e-01,7.987077832221984863e-01,5.784668326377868652e-01,6.990161538124084473e-01,6.329510807991027832e-01,5.592324137687683105e-01,7.587928771972656250e-01,7.587928771972656250e-01,7.587928771972656250e-01,7.627360224723815918e-01,7.587921023368835449e-01,7.587914466857910156e-01,7.587914466857910156e-01,7.587892413139343262e-01,7.587891221046447754e-01,7.587891221046447754e-01,7.587953209877014160e-01,7.587947845458984375e-01,7.587941288948059082e-01,7.587941288948059082e-01,7.868264317512512207e-01,7.477540969848632812e-01,7.587940096855163574e-01,7.587940096855163574e-01,7.587940096855163574e-01,5.510929822921752930e-01,7.587938904762268066e-01,7.587940096855163574e-01,7.587938904762268066e-01,7.606760859489440918e-01,7.587931752204895020e-01,7.587925791740417480e-01,7.587924003601074219e-01,7.605743408203125000e-01,7.587919235229492188e-01,7.587917447090148926e-01,7.587953209877014160e-01,7.587941288948059082e-01,7.587934136390686035e-01,7.587934136390686035e-01,7.587934136390686035e-01,7.587933540344238281e-01,7.587933540344238281e-01,7.587932944297790527e-01,7.587933540344238281e-01,2.978529036045074463e-01,7.587931752204895020e-01,7.587932944297790527e-01,7.587931752204895020e-01,7.594213485717773438e-01,7.587924599647521973e-01,7.587917447090148926e-01,7.587917447090148926e-01,7.620944976806640625e-01,7.587906718254089355e-01,7.587906718254089355e-01,7.587953209877014160e-01,7.623901963233947754e-01,7.587930560111999512e-01,7.587930560111999512e-01,7.587929368019104004e-01,7.773191928863525391e-01,7.587928771972656250e-01,7.587928771972656250e-01,7.587928175926208496e-01,7.629454135894775391e-01,7.587926983833312988e-01,7.587928771972656250e-01,7.587926387786865234e-01,7.587919235229492188e-01,7.587921023368835449e-01,7.587912678718566895e-01,7.587912678718566895e-01,7.636546492576599121e-01,7.587912082672119141e-01,7.587911486625671387e-01,7.587953209877014160e-01,7.622990608215332031e-01,7.587930560111999512e-01,7.587931156158447266e-01,7.587930560111999512e-01,7.603919506072998047e-01,7.587919235229492188e-01,7.587919235229492188e-01,7.587918639183044434e-01,7.587918639183044434e-01,7.587917447090148926e-01,7.587917447090148926e-01,7.587917447090148926e-01,7.587910294532775879e-01,7.587909698486328125e-01,7.587902545928955078e-01,7.587903141975402832e-01,7.605730891227722168e-01,7.587901949882507324e-01,7.587901949882507324e-01,7.587953209877014160e-01,7.495657801628112793e-01,7.587938308715820312e-01,7.587938904762268066e-01,7.587938308715820312e-01,7.476809620857238770e-01,7.587945461273193359e-01,7.587944865226745605e-01,7.587944865226745605e-01,7.587945461273193359e-01,7.587945461273193359e-01,7.587944865226745605e-01,7.587943673133850098e-01,7.587936520576477051e-01,7.587935924530029297e-01,6.844930648803710938e-01,7.587929368019104004e-01,7.587929368019104004e-01,7.587928175926208496e-01,7.587928175926208496e-01,7.587953209877014160e-01,6.586936712265014648e-01,6.565273404121398926e-01,7.587948441505432129e-01,7.587947845458984375e-01,7.587966322898864746e-01,7.588000297546386719e-01,7.588000297546386719e-01,7.587999701499938965e-01,7.587999701499938965e-01,7.587999701499938965e-01,7.587998509407043457e-01,7.587997913360595703e-01,7.587991356849670410e-01,7.447073459625244141e-01,6.642045974731445312e-01,7.587984204292297363e-01,7.587984204292297363e-01,7.149446010589599609e-01,7.025816440582275391e-01
9.412266612052917480e-01,6.663193106651306152e-01,1.000000000000000000e+00,9.523939490318298340e-01,9.412267208099365234e-01,7.878291010856628418e-01,6.942391395568847656e-01,9.207542538642883301e-01,6.645994782447814941e-01,5.285189747810363770e-01,9.412264823913574219e-01,9.412264823913574219e-01,9.412264823913574219e-01,9.403529167175292969e-01,9.412266612052917480e-01,9.412267804145812988e-01,9.412267804145812988e-01,9.412274956703186035e-01,9.412274360656738281e-01,9.412274360656738281e-01,9.412266612052917480e-01,9.412269592285156250e-01,9.412271976470947266e-01,9.412270188331604004e-01,9.340752959251403809e-01,8.267972469329833984e-01,9.412270188331604004e-01,9.412269592285156250e-01,9.412268996238708496e-01,6.224668025970458984e-01,9.412279129028320312e-01,9.412279129028320312e-01,9.412279129028320312e-01,9.409638047218322754e-01,9.412280917167663574e-01,9.412282109260559082e-01,9.412282109260559082e-01,9.402195811271667480e-01,9.412283897399902344e-01,9.412283897399902344e-01,9.412266612052917480e-01,9.412284493446350098e-01,9.412286281585693359e-01,9.412286281585693359e-01,9.412285685539245605e-01,9.412285685539245605e-01,9.412283897399902344e-01,9.412283897399902344e-01,9.412283301353454590e-01,1.424174457788467407e-01,9.412283301353454590e-01,9.412282109260559082e-01,9.412282109260559082e-01,9.410051703453063965e-01,9.412284493446350098e-01,9.412286281585693359e-01,9.412285685539245605e-01,9.387214779853820801e-01,9.412291646003723145e-01,9.412290453910827637e-01,9.412266612052917480e-01,9.324784874916076660e-01,9.412283301353454590e-01,9.412282109260559082e-01,9.412281513214111328e-01,8.449215888977050781e-01,9.412281513214111328e-01,9.412280917167663574e-01,9.412279725074768066e-01,9.258858561515808105e-01,9.412280917167663574e-01,9.412279129028320312e-01,9.412279129028320312e-01,9.412281513214111328e-01,9.412280917167663574e-01,9.412282109260559082e-01,9.412282109260559082e-01,9.402056336402893066e-01,9.412281513214111328e-01,9.412280917167663574e-01,9.412266612052917480e-01,9.052827954292297363e-01,9.412283897399902344e-01,9.412283301353454590e-01,9.412282109260559082e-01,8.216047286987304688e-01,9.412297606468200684e-01,9.412297606468200684e-01,9.412296414375305176e-01,9.412296414375305176e-01,9.412295818328857422e-01,9.412295222282409668e-01,9.412295222282409668e-01,9.412297606468200684e-01,9.412295818328857422e-01,9.412298798561096191e-01,9.412298202514648438e-01,9.393096566200256348e-01,9.412297606468200684e-01,9.412297606468200684e-01,9.412266612052917480e-01,8.233318328857421875e-01,9.412283897399902344e-01,9.412283301353454590e-01,9.412282109260559082e-01,9.022236466407775879e-01,9.412288069725036621e-01,9.412288069725036621e-01,9.412286877632141113e-01,9.412286281585693359e-01,9.412285685539245605e-01,9.412286281585693359e-01,9.412284493446350098e-01,9.412286877632141113e-01,9.412286877632141113e-01,9.357249140739440918e-01,9.412288665771484375e-01,9.412288069725036621e-01,9.412286877632141113e-01,9.412286877632141113e-01,9.412266612052917480e-01,9.183914065361022949e-01,9.619875550270080566e-01,9.412242770195007324e-01,9.412242770195007324e-01,9.412245750427246094e-01,9.412242770195007324e-01,9.412241578102111816e-01,9.412240982055664062e-01,9.412240982055664062e-01,9.412240982055664062e-01,9.412240386009216309e-01,9.412239193916320801e-01,9.412242770195007324e-01,9.429400563240051270e-01,8.835577964782714844e-01,9.412242770195007324e-01,9.412242770195007324e-01,9.126138091087341309e-01,9.149034023284912109e-01
9.922277927398681641e-01,7.378352284431457520e-01,9.523939490318298340e-01,1.000000000000000000e+00,9.922275543212890625e-01,8.426571488380432129e-01,7.170035839080810547e-01,9.358289837837219238e-01,7.206930518150329590e-01,5.712866783142089844e-01,9.922273755073547363e-01,9.922273755073547363e-01,9.922274947166442871e-01,9.900940060615539551e-01,9.922272562980651855e-01,9.922270178794860840e-01,9.922270178794860840e-01,9.922275543212890625e-01,9.922277331352233887e-01,9.922275543212890625e-01,9.922277927398681641e-01,9.922280311584472656e-01,9.922278523445129395e-01,9.922279715538024902e-01,9.694955945014953613e-01,8.502627015113830566e-01,9.922279715538024902e-01,9.922278523445129395e-01,9.922278523445129395e-01,6.348217129707336426e-01,9.922279715538024902e-01,9.922280311584472656e-01,9.922280311584472656e-01,9.911238551139831543e-01,9.922277927398681641e-01,9.922275543212890625e-01,9.922275543212890625e-01,9.906670451164245605e-01,9.922278523445129395e-01,9.922278523445129395e-01,9.922277927398681641e-01,9.922282099723815918e-01,9.922280311584472656e-01,9.922279715538024902e-01,9.922280311584472656e-01,9.922278523445129395e-01,9.922280311584472656e-01,9.922280311584472656e-01,9.922279715538024902e-01,1.667266935110092163e-01,9.922279715538024902e-01,9.922278523445129395e-01,9.922280311584472656e-01,9.919919967651367188e-01,9.922277927398681641e-01,9.922275543212890625e-01,9.922275543212890625e-01,9.902321696281433105e-01,9.922280311584472656e-01,9.922280311584472656e-01,9.922277927398681641e-01,9.901838302612304688e-01,9.922279715538024902e-01,9.922279715538024902e-01,9.922279715538024902e-01,9.161151051521301270e-01,9.922278523445129395e-01,9.922278523445129395e-01,9.922278523445129395e-01,9.876937866210937500e-01,9.922279715538024902e-01,9.922279715538024902e-01,9.922279715538024902e-01,9.922277331352233887e-01,9.922277331352233887e-01,9.922275543212890625e-01,9.922275543212890625e-01,9.904145598411560059e-01,9.922275543212890625e-01,9.922275543212890625e-01,9.922277927398681641e-01,9.742596149444580078e-01,9.922280311584472656e-01,9.922280311584472656e-01,9.922280311584472656e-01,8.979866504669189453e-01,9.922282099723815918e-01,9.922282695770263672e-01,9.922282099723815918e-01,9.922282695770263672e-01,9.922282695770263672e-01,9.922282099723815918e-01,9.922282099723815918e-01,9.922280311584472656e-01,9.922280311584472656e-01,9.922277927398681641e-01,9.922277331352233887e-01,9.917716979980468750e-01,9.922277927398681641e-01,9.922277927398681641e-01,9.922277927398681641e-01,9.119238853454589844e-01,9.922278523445129395e-01,9.922277927398681641e-01,9.922277927398681641e-01,9.728374481201171875e-01,9.922273755073547363e-01,9.922274947166442871e-01,9.922274947166442871e-01,9.922274947166442871e-01,9.922274947166442871e-01,9.922273755073547363e-01,9.922274947166442871e-01,9.922272562980651855e-01,9.922272562980651855e-01,9.465211033821105957e-01,9.922270774841308594e-01,9.922270178794860840e-01,9.922270178794860840e-01,9.922270774841308594e-01,9.922277927398681641e-01,8.970368504524230957e-01,9.707925319671630859e-01,9.922271370887756348e-01,9.922271370887756348e-01,9.922259449958801270e-01,9.922242164611816406e-01,9.922242164611816406e-01,9.922242164611816406e-01,9.922242760658264160e-01,9.922242164611816406e-01,9.922242164611816406e-01,9.922243952751159668e-01,9.922240376472473145e-01,9.925802350044250488e-01,9.113581776618957520e-01,9.922239184379577637e-01,9.922239184379577637e-01,9.311024546623229980e-01,9.307794570922851562e-01
1.000000000000000000e+00,7.587946057319641113e-01,9.412267208099365234e-01,9.922275543212890625e-01,1.000000000000000000e+00,8.806578516960144043e-01,7.006260752677917480e-01,9.372823238372802734e-01,7.433188557624816895e-01,5.962361693382263184e-01,1.000000000000000000e+00,1.000000000000000000e+00,1.000000000000000000e+00,9.996664524078369141e-01,1.000000000000000000e+00,1.000000000000000000e+00,1.000000000000000000e+00,1.000000000000000000e+00,1.000000000000000000e+00,1.000000000000000000e+00,1.000000000000000000e+00,1.000000000000000000e+00,1.000000000000000000e+00,1.000000000000000000e+00,9.829409718513488770e-01,8.707626461982727051e-01,1.000000000000000000e+00,1.000000000000000000e+00,1.000000000000000000e+00,6.608748435974121094e-01,9.999999403953552246e-01,1.000000000000000000e+00,1.000000000000000000e+00,9.998065829277038574e-01,1.000000000000000000e+00,1.000000000000000000e+00,1.000000000000000000e+00,9.997285008430480957e-01,1.000000000000000000e+00,1.000000000000000000e+00,1.000000000000000000e+00,1.000000000000000000e+00,1.000000000000000000e+00,1.000000000000000000e+00,1.000000000000000000e+00,1.000000000000000000e+00,1.000000000000000000e+00,1.000000000000000000e+00,1.000000000000000000e+00,1.650140732526779175e-01,1.000000000000000000e+00,1.000000000000000000e+00,1.000000000000000000e+00,9.999896883964538574e-01,1.000000119209289551e+00,1.000000000000000000e+00,1.000000000000000000e+00,9.996101260185241699e-01,1.000000000000000000e+00,1.000000000000000000e+00,1.000000000000000000e+00,9.981700778007507324e-01,1.000000000000000000e+00,1.000000000000000000e+00,1.000000000000000000e+00,9.354564547538757324e-01,1.000000000000000000e+00,1.000000000000000000e+00,1.000000000000000000e+00,9.948543906211853027e-01,1.000000000000000000e+00,1.000000000000000000e+00,1.000000000000000000e+00,1.000000000000000000e+00,1.000000000000000000e+00,1.000000000000000000e+00,1.000000000000000000e+00,9.996514320373535156e-01,1.000000000000000000e+00,1.000000000000000000e+00,1.000000000000000000e+00,9.823470115661621094e-01,1.000000000000000000e+00,1.000000000000000000e+00,1.000000000000000000e+00,9.204933047294616699e-01,1.000000000000000000e+00,1.000000000000000000e+00,1.000000000000000000e+00,1.000000000000000000e+00,9.999999403953552246e-01,9.999999403953552246e-01,9.999999403953552246e-01,1.000000000000000000e+00,1.000000000000000000e+00,1.000000000000000000e+00,1.000000000000000000e+00,9.998314380645751953e-01,1.000000000000000000e+00,9.999999403953552246e-01,1.000000000000000000e+00,9.307715892791748047e-01,1.000000000000000000e+00,1.000000000000000000e+00,1.000000000000000000e+00,9.785340428352355957e-01,1.000000000000000000e+00,1.000000000000000000e+00,1.000000000000000000e+00,1.000000000000000000e+00,1.000000000000000000e+00,1.000000000000000000e+00,1.000000000000000000e+00,1.000000000000000000e+00,1.000000000000000000e+00,9.436221718788146973e-01,1.000000000000000000e+00,1.000000000000000000e+00,1.000000000000000000e+00,1.000000000000000000e+00,1.000000000000000000e+00,8.923308849334716797e-01,9.567347168922424316e-01,1.000000000000000000e+00,1.000000000000000000e+00,1.000000000000000000e+00,1.000000000000000000e+00,1.000000000000000000e+00,1.000000000000000000e+00,1.000000000000000000e+00,1.000000000000000000e+00,1.000000119209289551e+00,1.000000000000000000e+00,1.000000000000000000e+00,9.980667233467102051e-01,9.160216450691223145e-01,1.000000000000000000e+00,1.000000000000000000e+00,9.454989433288574219e-01,9.446048736572265625e-01
8.806574344635009766e-01,7.987077832221984863e-01,7.878291010856628418e-01,8.426571488380432129e-01,8.806578516960144043e-01,1.000000000000000000e+00,6.342657208442687988e-01,8.350369930267333984e-01,7.432513236999511719e-01,5.648241639137268066e-01,8.806572556495666504e-01,8.806572556495666504e-01,8.806572556495666504e-01,8.862803578376770020e-01,8.806576728820800781e-01,8.806581497192382812e-01,8.806580901145935059e-01,8.806559443473815918e-01,8.806559443473815918e-01,8.806559443473815918e-01,8.806574344635009766e-01,8.806567192077636719e-01,8.806571960449218750e-01,8.806571960449218750e-01,8.918514251708984375e-01,8.670757412910461426e-01,8.806571364402770996e-01,8.806571364402770996e-01,8.806571960449218750e-01,6.187368035316467285e-01,8.806570172309875488e-01,8.806571364402770996e-01,8.806571364402770996e-01,8.829423785209655762e-01,8.806576132774353027e-01,8.806579113006591797e-01,8.806579113006591797e-01,8.840701580047607422e-01,8.806571960449218750e-01,8.806571364402770996e-01,8.806574344635009766e-01,8.806567788124084473e-01,8.806572556495666504e-01,8.806572556495666504e-01,8.806571960449218750e-01,8.806571364402770996e-01,8.806571364402770996e-01,8.806571364402770996e-01,8.806571960449218750e-01,2.470721155405044556e-01,8.806571364402770996e-01,8.806571364402770996e-01,8.806570172309875488e-01,8.813592791557312012e-01,8.806574940681457520e-01,8.806579709053039551e-01,8.806579709053039551e-01,8.852744698524475098e-01,8.806564211845397949e-01,8.806564807891845703e-01,8.806574344635009766e-01,8.792740702629089355e-01,8.806570172309875488e-01,8.806570172309875488e-01,8.806570172309875488e-01,8.826069831848144531e-01,8.806568980216979980e-01,8.806568980216979980e-01,8.806568980216979980e-01,8.771063685417175293e-01,8.806567788124084473e-01,8.806568980216979980e-01,8.806568980216979980e-01,8.806572556495666504e-01,8.806572556495666504e-01,8.806577324867248535e-01,8.806577324867248535e-01,8.849452137947082520e-01,8.806576728820800781e-01,8.806576728820800781e-01,8.806574344635009766e-01,8.713890910148620605e-01,8.806568980216979980e-01,8.806567788124084473e-01,8.806568980216979980e-01,8.630492687225341797e-01,8.806563019752502441e-01,8.806564211845397949e-01,8.806563019752502441e-01,8.806564211845397949e-01,8.806563019752502441e-01,8.806563019752502441e-01,8.806562423706054688e-01,8.806567192077636719e-01,8.806567192077636719e-01,8.806570172309875488e-01,8.806571960449218750e-01,8.815166354179382324e-01,8.806570172309875488e-01,8.806570172309875488e-01,8.806574344635009766e-01,8.714944720268249512e-01,8.806570172309875488e-01,8.806570172309875488e-01,8.806570172309875488e-01,8.575541377067565918e-01,8.806581497192382812e-01,8.806580901145935059e-01,8.806580901145935059e-01,8.806581497192382812e-01,8.806579709053039551e-01,8.806579709053039551e-01,8.806579709053039551e-01,8.806584477424621582e-01,8.806583881378173828e-01,8.030155301094055176e-01,8.806588053703308105e-01,8.806588053703308105e-01,8.806588053703308105e-01,8.806586861610412598e-01,8.806574344635009766e-01,8.125321269035339355e-01,7.808310985565185547e-01,8.806571960449218750e-01,8.806570172309875488e-01,8.806595802307128906e-01,8.806646466255187988e-01,8.806646466255187988e-01,8.806645870208740234e-01,8.806646466255187988e-01,8.806646466255187988e-01,8.806646466255187988e-01,8.806645870208740234e-01,8.806650638580322266e-01,8.669669032096862793e-01,7.931447029113769531e-01,8.806655406951904297e-01,8.806655406951904297e-01,8.661532402038574219e-01,8.442388176918029785e-01
7.006245255470275879e-01,5.784668326377868652e-01,6.942391395568847656e-01,7.170035839080810547e-01,7.006260752677917480e-01,6.342657208442687988e-01,1.000000000000000000e+00,7.483038306236267090e-01,7.588154673576354980e-01,5.320156216621398926e-01,7.006190419197082520e-01,7.006189227104187012e-01,7.006189227104187012e-01,6.959435343742370605e-01,7.006204724311828613e-01,7.006221413612365723e-01,7.006220817565917969e-01,7.006254196166992188e-01,7.006253600120544434e-01,7.006252408027648926e-01,7.006245255470275879e-01,7.006251215934753418e-01,7.006267905235290527e-01,7.006266713142395020e-01,6.963794827461242676e-01,6.165898442268371582e-01,7.006265521049499512e-01,7.006263732910156250e-01,7.006263136863708496e-01,5.738711953163146973e-01,7.006288170814514160e-01,7.006287574768066406e-01,7.006286978721618652e-01,6.971618533134460449e-01,7.006303668022155762e-01,7.006319165229797363e-01,7.006319165229797363e-01,6.973535418510437012e-01,7.006328701972961426e-01,7.006328701972961426e-01,7.006245255470275879e-01,7.006281018257141113e-01,7.006297707557678223e-01,7.006297111511230469e-01,7.006296515464782715e-01,7.006295323371887207e-01,7.006294727325439453e-01,7.006294131278991699e-01,7.006292939186096191e-01,2.566111087799072266e-01,7.006292343139648438e-01,7.006290555000305176e-01,7.006289958953857422e-01,6.994647383689880371e-01,7.006306648254394531e-01,7.006323933601379395e-01,7.006323337554931641e-01,6.933756470680236816e-01,7.006340622901916504e-01,7.006340622901916504e-01,7.006245255470275879e-01,6.872726082801818848e-01,7.006289362907409668e-01,7.006288170814514160e-01,7.006287574768066406e-01,6.179824471473693848e-01,7.006285786628723145e-01,7.006285190582275391e-01,7.006283402442932129e-01,6.803459525108337402e-01,7.006282806396484375e-01,7.006281018257141113e-01,7.006281018257141113e-01,7.006298899650573730e-01,7.006297707557678223e-01,7.006314396858215332e-01,7.006313800811767578e-01,6.937252879142761230e-01,7.006312012672424316e-01,7.006311416625976562e-01,7.006245255470275879e-01,6.556690335273742676e-01,7.006288170814514160e-01,7.006286978721618652e-01,7.006285786628723145e-01,5.848525166511535645e-01,7.006313204765319824e-01,7.006312012672424316e-01,7.006310820579528809e-01,7.006311416625976562e-01,7.006310820579528809e-01,7.006309032440185547e-01,7.006308436393737793e-01,7.006325721740722656e-01,7.006325125694274902e-01,7.006341814994812012e-01,7.006341814994812012e-01,6.959431767463684082e-01,7.006340026855468750e-01,7.006339430809020996e-01,7.006245255470275879e-01,6.133802533149719238e-01,7.006272673606872559e-01,7.006271481513977051e-01,7.006270885467529297e-01,6.706657409667968750e-01,7.006273269653320312e-01,7.006271481513977051e-01,7.006271481513977051e-01,7.006270885467529297e-01,7.006269097328186035e-01,7.006269097328186035e-01,7.006267905235290527e-01,7.006285190582275391e-01,7.006284594535827637e-01,7.601750493049621582e-01,7.006300091743469238e-01,7.006299495697021484e-01,7.006298899650573730e-01,7.006298899650573730e-01,7.006245255470275879e-01,7.500789761543273926e-01,7.524118423461914062e-01,7.006217837333679199e-01,7.006216049194335938e-01,7.006201744079589844e-01,7.006190419197082520e-01,7.006189823150634766e-01,7.006188035011291504e-01,7.006187438964843750e-01,7.006186842918395996e-01,7.006185650825500488e-01,7.006185054779052734e-01,7.006202340126037598e-01,7.050194740295410156e-01,7.463129162788391113e-01,7.006217837333679199e-01,7.006216645240783691e-01,7.356628775596618652e-01,7.302381396293640137e-01
9.372818470001220703e-01,6.990161538124084473e-01,9.207542538642883301e-01,9.358289837837219238e-01,9.372823238372802734e-01,8.350369930267333984e-01,7.483038306236267090e-01,1.000000000000000000e+00,7.582758069038391113e-01,5.932335257530212402e-01,9.372751712799072266e-01,9.372751116752624512e-01,9.372748732566833496e-01,9.355514645576477051e-01,9.372756481170654297e-01,9.372765421867370605e-01,9.372764229774475098e-01,9.372782707214355469e-01,9.372780919075012207e-01,9.372778534889221191e-01,9.372818470001220703e-01,9.372820258140563965e-01,9.372828006744384766e-01,9.372827410697937012e-01,9.365072846412658691e-01,8.425264358520507812e-01,9.372822642326354980e-01,9.372821450233459473e-01,9.372820854187011719e-01,6.448901295661926270e-01,9.372846484184265137e-01,9.372844696044921875e-01,9.372844099998474121e-01,9.353895187377929688e-01,9.372851252555847168e-01,9.372859597206115723e-01,9.372858405113220215e-01,9.357644915580749512e-01,9.372865557670593262e-01,9.372861981391906738e-01,9.372818470001220703e-01,9.372852444648742676e-01,9.372861981391906738e-01,9.372860789299011230e-01,9.372859001159667969e-01,9.372857213020324707e-01,9.372856020927429199e-01,9.372854828834533691e-01,9.372854232788085938e-01,1.849537938833236694e-01,9.372851252555847168e-01,9.372849464416503906e-01,9.372847676277160645e-01,9.364266991615295410e-01,9.372856020927429199e-01,9.372864365577697754e-01,9.372863173484802246e-01,9.314844608306884766e-01,9.372873902320861816e-01,9.372873306274414062e-01,9.372818470001220703e-01,9.219877123832702637e-01,9.372851848602294922e-01,9.372851252555847168e-01,9.372849464416503906e-01,8.135206699371337891e-01,9.372846484184265137e-01,9.372845292091369629e-01,9.372844099998474121e-01,9.118911623954772949e-01,9.372841715812683105e-01,9.372839927673339844e-01,9.372837543487548828e-01,9.372847080230712891e-01,9.372845292091369629e-01,9.372854232788085938e-01,9.372852444648742676e-01,9.337525367736816406e-01,9.372849464416503906e-01,9.372849464416503906e-01,9.372818470001220703e-01,8.807637095451354980e-01,9.372852444648742676e-01,9.372851252555847168e-01,9.372849464416503906e-01,7.896456122398376465e-01,9.372876286506652832e-01,9.372875690460205078e-01,9.372873902320861816e-01,9.372873306274414062e-01,9.372871518135070801e-01,9.372870326042175293e-01,9.372867941856384277e-01,9.372878074645996094e-01,9.372876286506652832e-01,9.372885227203369141e-01,9.372883439064025879e-01,9.327356219291687012e-01,9.372880458831787109e-01,9.372878670692443848e-01,9.372818470001220703e-01,8.112974166870117188e-01,9.372841715812683105e-01,9.372839927673339844e-01,9.372838139533996582e-01,9.089793562889099121e-01,9.372839331626892090e-01,9.372839331626892090e-01,9.372837543487548828e-01,9.372835755348205566e-01,9.372834563255310059e-01,9.372832775115966797e-01,9.372830986976623535e-01,9.372839927673339844e-01,9.372838139533996582e-01,9.385933876037597656e-01,9.372846484184265137e-01,9.372844696044921875e-01,9.372842907905578613e-01,9.372841715812683105e-01,9.372818470001220703e-01,9.426786303520202637e-01,9.546718597412109375e-01,9.372777938842773438e-01,9.372775554656982422e-01,9.372785091400146484e-01,9.372797012329101562e-01,9.372795224189758301e-01,9.372794032096862793e-01,9.372792243957519531e-01,9.372790455818176270e-01,9.372789263725280762e-01,9.372787475585937500e-01,9.372796416282653809e-01,9.406206011772155762e-01,9.343093037605285645e-01,9.372801780700683594e-01,9.372801184654235840e-01,9.561535716056823730e-01,9.539340138435363770e-01
7.433175444602966309e-01,6.329510807991027832e-01,6.645994782447814941e-01,7.206930518150329590e-01,7.433188557624816895e-01,7.432513236999511719e-01,7.588154673576354980e-01,7.582758069038391113e-01,1.000000000000000000e+00,7.094090580940246582e-01,7.433134913444519043e-01,7.433133125305175781e-01,7.433131337165832520e-01,7.436974644660949707e-01,7.433148026466369629e-01,7.433166503906250000e-01,7.433164715766906738e-01,7.433180809020996094e-01,7.433180809020996094e-01,7.433179020881652832e-01,7.433175444602966309e-01,7.433181405067443848e-01,7.433199286460876465e-01,7.433198094367980957e-01,7.612709999084472656e-01,7.181984782218933105e-01,7.433194518089294434e-01,7.433193325996398926e-01,7.433192133903503418e-01,6.558246016502380371e-01,7.433217167854309082e-01,7.433216571807861328e-01,7.433214783668518066e-01,7.419605255126953125e-01,7.433231472969055176e-01,7.433249354362487793e-01,7.433248162269592285e-01,7.419578433036804199e-01,7.433252334594726562e-01,7.433251738548278809e-01,7.433175444602966309e-01,7.433201670646667480e-01,7.433218955993652344e-01,7.433217167854309082e-01,7.433217167854309082e-01,7.433215975761413574e-01,7.433214187622070312e-01,7.433212399482727051e-01,7.433211803436279297e-01,3.090267479419708252e-01,7.433208823204040527e-01,7.433207631111145020e-01,7.433207631111145020e-01,7.429828047752380371e-01,7.433223724365234375e-01,7.433241009712219238e-01,7.433240413665771484e-01,7.407667636871337891e-01,7.433242797851562500e-01,7.433242797851562500e-01,7.433175444602966309e-01,7.315249443054199219e-01,7.433207631111145020e-01,7.433207035064697266e-01,7.433206439018249512e-01,7.029962539672851562e-01,7.433202862739562988e-01,7.433202266693115234e-01,7.433200478553771973e-01,7.238671779632568359e-01,7.433198094367980957e-01,7.433196902275085449e-01,7.433195710182189941e-01,7.433213591575622559e-01,7.433212399482727051e-01,7.433230280876159668e-01,7.433229088783264160e-01,7.401091456413269043e-01,7.433226108551025391e-01,7.433225512504577637e-01,7.433175444602966309e-01,7.040446400642395020e-01,7.433204650878906250e-01,7.433202862739562988e-01,7.433202266693115234e-01,6.714582443237304688e-01,7.433219552040100098e-01,7.433217167854309082e-01,7.433217167854309082e-01,7.433216571807861328e-01,7.433214187622070312e-01,7.433212399482727051e-01,7.433211207389831543e-01,7.433229088783264160e-01,7.433228492736816406e-01,7.433245778083801270e-01,7.433245182037353516e-01,7.404667735099792480e-01,7.433242201805114746e-01,7.433241009712219238e-01,7.433175444602966309e-01,6.778378486633300781e-01,7.433202862739562988e-01,7.433202266693115234e-01,7.433200478553771973e-01,6.982775330543518066e-01,7.433212399482727051e-01,7.433211207389831543e-01,7.433209419250488281e-01,7.433208823204040527e-01,7.433207035064697266e-01,7.433206439018249512e-01,7.433204650878906250e-01,7.433221936225891113e-01,7.433221340179443359e-01,7.432338595390319824e-01,7.433238029479980469e-01,7.433236241340637207e-01,7.433235049247741699e-01,7.433233261108398438e-01,7.433175444602966309e-01,7.208202481269836426e-01,7.132806777954101562e-01,7.433139681816101074e-01,7.433137893676757812e-01,7.433149218559265137e-01,7.433174252510070801e-01,7.433173656463623047e-01,7.433173060417175293e-01,7.433171272277832031e-01,7.433169484138488770e-01,7.433168292045593262e-01,7.433167099952697754e-01,7.433184981346130371e-01,7.432360649108886719e-01,7.910596728324890137e-01,7.433199882507324219e-01,7.433199286460876465e-01,7.909362316131591797e-01,7.864276766777038574e-01
5.962356925010681152e-01,5.592324137687683105e-01,5.285189747810363770e-01,5.712866783142089844e-01,5.962361693382263184e-01,5.648241639137268066e-01,5.320156216621398926e-01,5.932335257530212402e-01,7.094090580940246582e-01,1.000000000000000000e+00,5.962302684783935547e-01,5.962302684783935547e-01,5.962302684783935547e-01,5.978371500968933105e-01,5.962308645248413086e-01,5.962315201759338379e-01,5.962314605712890625e-01,5.962323546409606934e-01,5.962323546409606934e-01,5.962322950363159180e-01,5.962356925010681152e-01,5.962356925010681152e-01,5.962362885475158691e-01,5.962362885475158691e-01,6.381660103797912598e-01,5.204363465309143066e-01,5.962362289428710938e-01,5.962362289428710938e-01,5.962362885475158691e-01,5.911626219749450684e-01,5.962381958961486816e-01,5.962381958961486816e-01,5.962381958961486816e-01,5.969771146774291992e-01,5.962388515472412109e-01,5.962395071983337402e-01,5.962393879890441895e-01,5.972828865051269531e-01,5.962395668029785156e-01,5.962395071983337402e-01,5.962356925010681152e-01,5.962373614311218262e-01,5.962380766868591309e-01,5.962379574775695801e-01,5.962379574775695801e-01,5.962378978729248047e-01,5.962378978729248047e-01,5.962378382682800293e-01,5.962378978729248047e-01,2.194982171058654785e-01,5.962378382682800293e-01,5.962378382682800293e-01,5.962377190589904785e-01,5.963091254234313965e-01,5.962383747100830078e-01,5.962390899658203125e-01,5.962390303611755371e-01,5.951991081237792969e-01,5.962392687797546387e-01,5.962392687797546387e-01,5.962356925010681152e-01,5.872581005096435547e-01,5.962370634078979492e-01,5.962370038032531738e-01,5.962370038032531738e-01,5.731742978096008301e-01,5.962369441986083984e-01,5.962368845939636230e-01,5.962369441986083984e-01,5.799616575241088867e-01,5.962368845939636230e-01,5.962369441986083984e-01,5.962368845939636230e-01,5.962374806404113770e-01,5.962374806404113770e-01,5.962380766868591309e-01,5.962381362915039062e-01,5.936409235000610352e-01,5.962380170822143555e-01,5.962379574775695801e-01,5.962356925010681152e-01,5.640117526054382324e-01,5.962367653846740723e-01,5.962367653846740723e-01,5.962367653846740723e-01,5.454123616218566895e-01,5.962378382682800293e-01,5.962378978729248047e-01,5.962378382682800293e-01,5.962378382682800293e-01,5.962377190589904785e-01,5.962377190589904785e-01,5.962377190589904785e-01,5.962383747100830078e-01,5.962384343147277832e-01,5.962389707565307617e-01,5.962390303611755371e-01,5.934067368507385254e-01,5.962389111518859863e-01,5.962388515472412109e-01,5.962356925010681152e-01,5.116191506385803223e-01,5.962364673614501953e-01,5.962362885475158691e-01,5.962363481521606445e-01,5.485630035400390625e-01,5.962378978729248047e-01,5.962378978729248047e-01,5.962378978729248047e-01,5.962378382682800293e-01,5.962378382682800293e-01,5.962377786636352539e-01,5.962376594543457031e-01,5.962383747100830078e-01,5.962384343147277832e-01,6.043131351470947266e-01,5.962390303611755371e-01,5.962389707565307617e-01,5.962388515472412109e-01,5.962389111518859863e-01,5.962356925010681152e-01,5.904023647308349609e-01,5.552783012390136719e-01,5.962309241294860840e-01,5.962309241294860840e-01,5.962318778038024902e-01,5.962331295013427734e-01,5.962331295013427734e-01,5.962330698966979980e-01,5.962330698966979980e-01,5.962329506874084473e-01,5.962329506874084473e-01,5.962329506874084473e-01,5.962336659431457520e-01,6.042274236679077148e-01,6.415239572525024414e-01,5.962342619895935059e-01,5.962341427803039551e-01,6.481928229331970215e-01,6.471468806266784668e-01
1.000000000000000000e+00,7.587928771972656250e-01,9.412264823913574219e-01,9.922273755073547363e-01,1.000000000000000000e+00,8.806572556495666504e-01,7.006190419197082520e-01,9.372751712799072266e-01,7.433134913444519043e-01,5.962302684783935547e-01,1.000000000000000000e+00,1.000000000000000000e+00,9.999999403953552246e-01,9.996666312217712402e-01,1.000000000000000000e+00,1.000000119209289551e+00,1.000000000000000000e+00,1.000000000000000000e+00,1.000000000000000000e+00,1.000000000000000000e+00,1.000000000000000000e+00,1.000000000000000000e+00,9.999999403953552246e-01,1.000000000000000000e+00,9.829389452934265137e-01,8.707640171051025391e-01,1.000000000000000000e+00,9.999999403953552246e-01,1.000000000000000000e+00,6.608749032020568848e-01,9.999999403953552246e-01,1.000000000000000000e+00,1.000000000000000000e+00,9.998066425323486328e-01,1.000000000000000000e+00,1.000000000000000000e+00,1.000000000000000000e+00,9.997284412384033203e-01,1.000000119209289551e+00,1.000000000000000000e+00,1.000000000000000000e+00,1.000000000000000000e+00,9.999999403953552246e-01,1.000000119209289551e+00,1.000000000000000000e+00,1.000000000000000000e+00,1.000000000000000000e+00,9.999999403953552246e-01,1.000000000000000000e+00,1.650161296129226685e-01,1.000000000000000000e+00,1.000000000000000000e+00,1.000000000000000000e+00,9.999898076057434082e-01,1.000000000000000000e+00,1.000000000000000000e+00,1.000000000000000000e+00,9.996106028556823730e-01,1.000000000000000000e+00,9.999999403953552246e-01,1.000000000000000000e+00,9.981715083122253418e-01,1.000000000000000000e+00,1.000000000000000000e+00,1.000000000000000000e+00,9.354621767997741699e-01,9.999999403953552246e-01,1.000000000000000000e+00,1.000000000000000000e+00,9.948565363883972168e-01,9.999999403953552246e-01,1.000000000000000000e+00,9.999999403953552246e-01,1.000000000000000000e+00,1.000000000000000000e+00,1.000000000000000000e+00,1.000000000000000000e+00,9.996516704559326172e-01,1.000000000000000000e+00,9.999999403953552246e-01,1.000000000000000000e+00,9.823512434959411621e-01,1.000000000000000000e+00,1.000000000000000000e+00,9.999999403953552246e-01,9.205012321472167969e-01,1.000000000000000000e+00,1.000000000000000000e+00,1.000000000000000000e+00,1.000000000000000000e+00,1.000000000000000000e+00,9.999998211860656738e-01,1.000000000000000000e+00,1.000000000000000000e+00,1.000000000000000000e+00,1.000000000000000000e+00,1.000000000000000000e+00,9.998318552970886230e-01,1.000000000000000000e+00,1.000000000000000000e+00,1.000000000000000000e+00,9.307774901390075684e-01,9.999999403953552246e-01,1.000000000000000000e+00,1.000000000000000000e+00,9.785355925559997559e-01,1.000000000000000000e+00,9.999999403953552246e-01,1.000000000000000000e+00,1.000000000000000000e+00,1.000000000000000000e+00,1.000000000000000000e+00,1.000000000000000000e+00,1.000000000000000000e+00,1.000000000000000000e+00,9.436171054840087891e-01,1.000000000000000000e+00,1.000000000000000000e+00,1.000000000000000000e+00,1.000000000000000000e+00,1.000000000000000000e+00,8.923227787017822266e-01,9.567310810089111328e-01,1.000000000000000000e+00,1.000000000000000000e+00,1.000000000000000000e+00,1.000000000000000000e+00,1.000000000000000000e+00,1.000000000000000000e+00,1.000000000000000000e+00,1.000000000000000000e+00,1.000000000000000000e+00,1.000000000000000000e+00,1.000000000000000000e+00,9.980662465095520020e-01,9.160165786743164062e-01,1.000000000000000000e+00,1.000000000000000000e+00,9.454923272132873535e-01,9.445989727973937988e-01
