1.000000000000000000e+00,9.520182609558105469e-01,9.582840800285339355e-01,1.000000000000000000e+00,1.000000000000000000e+00,8.157796859741210938e-01,9.991745352745056152e-01,9.996134638786315918e-01,9.992783069610595703e-01,9.787651896476745605e-01,1.000000000000000000e+00,1.000000000000000000e+00,1.000000000000000000e+00,1.000000000000000000e+00,1.000000000000000000e+00,1.000000000000000000e+00,1.000000000000000000e+00,1.000000000000000000e+00,1.000000000000000000e+00,1.000000000000000000e+00,1.000000000000000000e+00,8.637399077415466309e-01,1.000000000000000000e+00,9.999999403953552246e-01,1.000000000000000000e+00,7.591943740844726562e-01,9.999999403953552246e-01,1.000000000000000000e+00,1.000000000000000000e+00,9.959616065025329590e-01,1.000000000000000000e+00,1.000000000000000000e+00,1.000000000000000000e+00,9.995569586753845215e-01,1.000000000000000000e+00,1.000000000000000000e+00,1.000000000000000000e+00,1.000000000000000000e+00,1.000000000000000000e+00,1.000000000000000000e+00,1.000000000000000000e+00,1.000000000000000000e+00,1.000000000000000000e+00,1.000000000000000000e+00,9.999229907989501953e-01,9.350094795227050781e-01,1.000000000000000000e+00,1.000000000000000000e+00,1.000000000000000000e+00,9.999684691429138184e-01,1.000000000000000000e+00,1.000000000000000000e+00,1.000000000000000000e+00,9.999682903289794922e-01,1.000000000000000000e+00,1.000000000000000000e+00,1.000000000000000000e+00,1.000000000000000000e+00,1.000000000000000000e+00,1.000000000000000000e+00,1.000000000000000000e+00,1.000000119209289551e+00,1.000000000000000000e+00,1.000000000000000000e+00,1.000000000000000000e+00,9.973626136779785156e-01,1.000000000000000000e+00,1.000000000000000000e+00,9.999999403953552246e-01,9.999999403953552246e-01,1.000000000000000000e+00,9.999999403953552246e-01,1.000000000000000000e+00,9.998750686645507812e-01,1.000000000000000000e+00,1.000000000000000000e+00,1.000000000000000000e+00,9.997894167900085449e-01,1.000000000000000000e+00,1.000000000000000000e+00,1.000000000000000000e+00,9.978784918785095215e-01,1.000000000000000000e+00,1.000000000000000000e+00,1.000000000000000000e+00,1.000000119209289551e+00,1.000000000000000000e+00,1.000000000000000000e+00,1.000000000000000000e+00,1.000000000000000000e+00,1.000000000000000000e+00,1.000000000000000000e+00,1.000000000000000000e+00,9.966203570365905762e-01,1.000000119209289551e+00,1.000000000000000000e+00,1.000000000000000000e+00,9.814210534095764160e-01,1.000000000000000000e+00,1.000000000000000000e+00,1.000000000000000000e+00,9.997488856315612793e-01,1.000000000000000000e+00,1.000000000000000000e+00,1.000000000000000000e+00,1.000000000000000000e+00,1.000000000000000000e+00,1.000000119209289551e+00,1.000000000000000000e+00,1.000000119209289551e+00,1.000000000000000000e+00,1.000000000000000000e+00,9.977585673332214355e-01,9.836056828498840332e-01,9.858986735343933105e-01,9.167234897613525391e-01,1.000000000000000000e+00,8.758437633514404297e-01,1.000000000000000000e+00,1.000000119209289551e+00,1.000000000000000000e+00,1.000000000000000000e+00,9.999999403953552246e-01,9.999999403953552246e-01,1.000000000000000000e+00,1.000000000000000000e+00,1.000000000000000000e+00,9.999999403953552246e-01,1.000000000000000000e+00,1.000000119209289551e+00,1.000000000000000000e+00,9.280257225036621094e-01,1.000000000000000000e+00,9.622947573661804199e-01,9.178002476692199707e-01,9.700949788093566895e-01,1.000000119209289551e+00,8.952581882476806641e-01,8.916847705841064453e-01,1.000000000000000000e+00
9.520182609558105469e-01,1.000000000000000000e+00,9.727999567985534668e-01,9.520130753517150879e-01,9.520131945610046387e-01,8.829490542411804199e-01,9.474000930786132812e-01,9.583627581596374512e-01,9.487318396568298340e-01,9.146015048027038574e-01,9.520089030265808105e-01,9.520089030265808105e-01,9.520087242126464844e-01,9.520096778869628906e-01,9.520096182823181152e-01,9.520096182823181152e-01,9.520094990730285645e-01,9.520104527473449707e-01,9.520105719566345215e-01,9.520104527473449707e-01,9.520182609558105469e-01,8.722817301750183105e-01,9.520182609558105469e-01,9.520180821418762207e-01,9.520179629325866699e-01,8.115265965461730957e-01,9.520170092582702637e-01,9.520168900489807129e-01,9.520168900489807129e-01,9.495511054992675781e-01,9.520165324211120605e-01,9.520165920257568359e-01,9.520165324211120605e-01,9.505026340484619141e-01,9.520170092582702637e-01,9.520170092582702637e-01,9.520170688629150391e-01,9.520180225372314453e-01,9.520180821418762207e-01,9.520179629325866699e-01,9.520182609558105469e-01,9.520182013511657715e-01,9.520182609558105469e-01,9.520182609558105469e-01,9.528800845146179199e-01,8.993308544158935547e-01,9.520190358161926270e-01,9.520190358161926270e-01,9.520191550254821777e-01,9.522197842597961426e-01,9.520177841186523438e-01,9.520177841186523438e-01,9.520177841186523438e-01,9.522461295127868652e-01,9.520177245140075684e-01,9.520176053047180176e-01,9.520176053047180176e-01,9.520185589790344238e-01,9.520185589790344238e-01,9.520184993743896484e-01,9.520182609558105469e-01,9.520179629325866699e-01,9.520178437232971191e-01,9.520177841186523438e-01,9.520178437232971191e-01,9.579057097434997559e-01,9.520191550254821777e-01,9.520190358161926270e-01,9.520190358161926270e-01,9.520182609558105469e-01,9.520182013511657715e-01,9.520182609558105469e-01,9.520182609558105469e-01,9.492271542549133301e-01,9.520182609558105469e-01,9.520182013511657715e-01,9.520182013511657715e-01,9.513340592384338379e-01,9.520191550254821777e-01,9.520190358161926270e-01,9.520182609558105469e-01,9.560270309448242188e-01,9.520186781883239746e-01,9.520187377929687500e-01,9.520185589790344238e-01,9.520184993743896484e-01,9.520194530487060547e-01,9.520193934440612793e-01,9.520194530487060547e-01,9.520194530487060547e-01,9.520194530487060547e-01,9.520193934440612793e-01,9.520193934440612793e-01,9.504340291023254395e-01,9.520192742347717285e-01,9.520192742347717285e-01,9.520192146301269531e-01,9.233829379081726074e-01,9.520201683044433594e-01,9.520201683044433594e-01,9.520182609558105469e-01,9.542760252952575684e-01,9.520192742347717285e-01,9.520193934440612793e-01,9.520192742347717285e-01,9.520191550254821777e-01,9.520201086997985840e-01,9.520199894905090332e-01,9.520201086997985840e-01,9.520199298858642578e-01,9.520199894905090332e-01,9.520199894905090332e-01,9.621261954307556152e-01,9.144331812858581543e-01,9.339113831520080566e-01,8.500006198883056641e-01,9.520215988159179688e-01,7.796986699104309082e-01,9.520225524902343750e-01,9.520224928855895996e-01,9.520182609558105469e-01,9.520151019096374512e-01,9.520104527473449707e-01,9.520103931427001953e-01,9.520103335380554199e-01,9.520103931427001953e-01,9.520114064216613770e-01,9.520113468170166016e-01,9.520112872123718262e-01,9.520112872123718262e-01,9.520113468170166016e-01,9.262959957122802734e-01,9.520112872123718262e-01,9.810483455657958984e-01,9.204109311103820801e-01,9.149978160858154297e-01,9.520085453987121582e-01,9.094457626342773438e-01,9.311623573303222656e-01,9.520136713981628418e-01
9.582840800285339355e-01,9.727999567985534668e-01,1.000000000000000000e+00,9.582809805870056152e-01,9.582809805870056152e-01,8.433682918548583984e-01,9.580657482147216797e-01,9.623360633850097656e-01,9.544460773468017578e-01,9.390223622322082520e-01,9.582806229591369629e-01,9.582807421684265137e-01,9.582806229591369629e-01,9.582808613777160645e-01,9.582808613777160645e-01,9.582810401916503906e-01,9.582809805870056152e-01,9.582825303077697754e-01,9.582824707031250000e-01,9.582824707031250000e-01,9.582840800285339355e-01,8.457334637641906738e-01,9.582840800285339355e-01,9.582840800285339355e-01,9.582847952842712402e-01,7.931942343711853027e-01,9.582848548889160156e-01,9.582847952842712402e-01,9.582848548889160156e-01,9.643156528472900391e-01,9.582841992378234863e-01,9.582843184471130371e-01,9.582843780517578125e-01,9.587934613227844238e-01,9.582840800285339355e-01,9.582841396331787109e-01,9.582841992378234863e-01,9.582855701446533203e-01,9.582856297492980957e-01,9.582857489585876465e-01,9.582840800285339355e-01,9.582839608192443848e-01,9.582840800285339355e-01,9.582841396331787109e-01,9.591712951660156250e-01,8.877956271171569824e-01,9.582856297492980957e-01,9.582857489585876465e-01,9.582857489585876465e-01,9.585693478584289551e-01,9.582836031913757324e-01,9.582836627960205078e-01,9.582837224006652832e-01,9.590098857879638672e-01,9.582836031913757324e-01,9.582836031913757324e-01,9.582836031913757324e-01,9.582850933074951172e-01,9.582851529121398926e-01,9.582851529121398926e-01,9.582840800285339355e-01,9.582829475402832031e-01,9.582828879356384277e-01,9.582828879356384277e-01,9.582830071449279785e-01,9.570171833038330078e-01,9.582850337028503418e-01,9.582850933074951172e-01,9.582850337028503418e-01,9.582837224006652832e-01,9.582836627960205078e-01,9.582837224006652832e-01,9.582838416099548340e-01,9.556432366371154785e-01,9.582839012145996094e-01,9.582839012145996094e-01,9.582839012145996094e-01,9.591521620750427246e-01,9.582855105400085449e-01,9.582855105400085449e-01,9.582840800285339355e-01,9.653764367103576660e-01,9.582832455635070801e-01,9.582833647727966309e-01,9.582833647727966309e-01,9.582827091217041016e-01,9.582841992378234863e-01,9.582841992378234863e-01,9.582843184471130371e-01,9.582843780517578125e-01,9.582843780517578125e-01,9.582844376564025879e-01,9.582843780517578125e-01,9.615398049354553223e-01,9.582844376564025879e-01,9.582845568656921387e-01,9.582845568656921387e-01,9.556684494018554688e-01,9.582860469818115234e-01,9.582862257957458496e-01,9.582840800285339355e-01,9.602615833282470703e-01,9.582856297492980957e-01,9.582856297492980957e-01,9.582857489585876465e-01,9.582855105400085449e-01,9.582870006561279297e-01,9.582870602607727051e-01,9.582870602607727051e-01,9.582870602607727051e-01,9.582871794700622559e-01,9.582871794700622559e-01,9.642356038093566895e-01,9.427774548530578613e-01,9.350103735923767090e-01,8.482714295387268066e-01,9.582889676094055176e-01,8.291943669319152832e-01,9.582905769348144531e-01,9.582905769348144531e-01,9.582840800285339355e-01,9.582831859588623047e-01,9.582791328430175781e-01,9.582791328430175781e-01,9.582793116569519043e-01,9.582791924476623535e-01,9.582807421684265137e-01,9.582808017730712891e-01,9.582808017730712891e-01,9.582809805870056152e-01,9.582808613777160645e-01,9.016518592834472656e-01,9.582809805870056152e-01,9.648397564888000488e-01,9.430682063102722168e-01,9.208562970161437988e-01,9.582798480987548828e-01,9.178915023803710938e-01,9.089609980583190918e-01,9.582851529121398926e-01
1.000000000000000000e+00,9.520130753517150879e-01,9.582809805870056152e-01,1.000000000000000000e+00,1.000000000000000000e+00,8.157719969749450684e-01,9.991752505302429199e-01,9.996129870414733887e-01,9.992787241935729980e-01,9.787678718566894531e-01,1.000000000000000000e+00,1.000000000000000000e+00,1.000000000000000000e+00,1.000000000000000000e+00,1.000000000000000000e+00,1.000000000000000000e+00,9.999999403953552246e-01,1.000000000000000000e+00,1.000000000000000000e+00,1.000000000000000000e+00,1.000000000000000000e+00,8.637332916259765625e-01,1.000000000000000000e+00,1.000000000000000000e+00,1.000000000000000000e+00,7.591847777366638184e-01,1.000000000000000000e+00,1.000000000000000000e+00,1.000000000000000000e+00,9.959617257118225098e-01,1.000000000000000000e+00,9.999999403953552246e-01,1.000000000000000000e+00,9.995572566986083984e-01,1.000000000000000000e+00,9.999999403953552246e-01,1.000000000000000000e+00,1.000000119209289551e+00,1.000000000000000000e+00,1.000000000000000000e+00,1.000000000000000000e+00,1.000000000000000000e+00,1.000000000000000000e+00,1.000000119209289551e+00,9.999229311943054199e-01,9.350072741508483887e-01,1.000000000000000000e+00,1.000000000000000000e+00,1.000000000000000000e+00,9.999683499336242676e-01,1.000000000000000000e+00,1.000000000000000000e+00,1.000000000000000000e+00,9.999682903289794922e-01,1.000000000000000000e+00,9.999998211860656738e-01,1.000000000000000000e+00,1.000000000000000000e+00,1.000000000000000000e+00,1.000000000000000000e+00,1.000000000000000000e+00,1.000000000000000000e+00,1.000000000000000000e+00,9.999999403953552246e-01,1.000000000000000000e+00,9.973616600036621094e-01,1.000000000000000000e+00,1.000000000000000000e+00,1.000000000000000000e+00,1.000000000000000000e+00,1.000000000000000000e+00,1.000000000000000000e+00,9.999999403953552246e-01,9.998752474784851074e-01,1.000000000000000000e+00,1.000000000000000000e+00,1.000000000000000000e+00,9.997895359992980957e-01,1.000000000000000000e+00,1.000000000000000000e+00,1.000000000000000000e+00,9.978778958320617676e-01,1.000000000000000000e+00,9.999998211860656738e-01,1.000000000000000000e+00,1.000000000000000000e+00,9.999999403953552246e-01,1.000000000000000000e+00,1.000000000000000000e+00,1.000000000000000000e+00,9.999999403953552246e-01,1.000000000000000000e+00,9.999999403953552246e-01,9.966199398040771484e-01,1.000000000000000000e+00,1.000000000000000000e+00,1.000000000000000000e+00,9.814224243164062500e-01,9.999999403953552246e-01,1.000000000000000000e+00,1.000000000000000000e+00,9.997484683990478516e-01,1.000000000000000000e+00,1.000000000000000000e+00,1.000000000000000000e+00,9.999999403953552246e-01,1.000000000000000000e+00,1.000000000000000000e+00,1.000000000000000000e+00,1.000000000000000000e+00,1.000000000000000000e+00,1.000000000000000000e+00,9.977576136589050293e-01,9.836077094078063965e-01,9.858991503715515137e-01,9.167252182960510254e-01,1.000000119209289551e+00,8.758481144905090332e-01,1.000000000000000000e+00,1.000000000000000000e+00,1.000000000000000000e+00,1.000000000000000000e+00,1.000000000000000000e+00,1.000000000000000000e+00,1.000000119209289551e+00,1.000000000000000000e+00,1.000000000000000000e+00,1.000000000000000000e+00,1.000000000000000000e+00,1.000000119209289551e+00,1.000000000000000000e+00,9.280207157135009766e-01,9.999999403953552246e-01,9.622890949249267578e-01,9.177982211112976074e-01,9.700934290885925293e-01,1.000000000000000000e+00,8.952526450157165527e-01,8.916811943054199219e-01,9.999999403953552246e-01
1.000000000000000000e+00,9.520131945610046387e-01,9.582809805870056152e-01,1.000000000000000000e+00,1.000000000000000000e+00,8.157717585563659668e-01,9.991752505302429199e-01,9.996129870414733887e-01,9.992786049842834473e-01,9.787678718566894531e-01,1.000000000000000000e+00,1.000000000000000000e+00,1.000000000000000000e+00,1.000000000000000000e+00,1.000000000000000000e+00,1.000000000000000000e+00,1.000000000000000000e+00,1.000000119209289551e+00,1.000000000000000000e+00,1.000000000000000000e+00,1.000000000000000000e+00,8.637332916259765625e-01,9.999999403953552246e-01,1.000000000000000000e+00,1.000000000000000000e+00,7.591846585273742676e-01,1.000000000000000000e+00,1.000000119209289551e+00,9.999998211860656738e-01,9.959618449211120605e-01,1.000000000000000000e+00,1.000000000000000000e+00,1.000000000000000000e+00,9.995571970939636230e-01,1.000000000000000000e+00,1.000000000000000000e+00,1.000000000000000000e+00,1.000000000000000000e+00,1.000000000000000000e+00,1.000000000000000000e+00,1.000000000000000000e+00,1.000000000000000000e+00,1.000000000000000000e+00,1.000000000000000000e+00,9.999229311943054199e-01,9.350071549415588379e-01,1.000000000000000000e+00,1.000000000000000000e+00,1.000000000000000000e+00,9.999683499336242676e-01,1.000000000000000000e+00,1.000000000000000000e+00,1.000000000000000000e+00,9.999683499336242676e-01,1.000000000000000000e+00,1.000000000000000000e+00,1.000000000000000000e+00,1.000000000000000000e+00,1.000000000000000000e+00,1.000000000000000000e+00,1.000000000000000000e+00,1.000000000000000000e+00,1.000000000000000000e+00,9.999999403953552246e-01,1.000000000000000000e+00,9.973616600036621094e-01,1.000000000000000000e+00,1.000000000000000000e+00,1.000000000000000000e+00,9.999999403953552246e-01,1.000000000000000000e+00,1.000000000000000000e+00,9.999999403953552246e-01,9.998752474784851074e-01,1.000000119209289551e+00,1.000000000000000000e+00,1.000000000000000000e+00,9.997895359992980957e-01,1.000000000000000000e+00,1.000000000000000000e+00,1.000000000000000000e+00,9.978778958320617676e-01,1.000000000000000000e+00,1.000000000000000000e+00,1.000000000000000000e+00,1.000000000000000000e+00,1.000000000000000000e+00,1.000000000000000000e+00,1.000000000000000000e+00,1.000000000000000000e+00,1.000000000000000000e+00,1.000000000000000000e+00,1.000000000000000000e+00,9.966199398040771484e-01,1.000000000000000000e+00,1.000000000000000000e+00,1.000000000000000000e+00,9.814226031303405762e-01,1.000000000000000000e+00,1.000000000000000000e+00,1.000000000000000000e+00,9.997484683990478516e-01,1.000000000000000000e+00,1.000000000000000000e+00,1.000000000000000000e+00,1.000000000000000000e+00,9.999999403953552246e-01,1.000000000000000000e+00,1.000000000000000000e+00,1.000000000000000000e+00,1.000000000000000000e+00,1.000000000000000000e+00,9.977576136589050293e-01,9.836077690124511719e-01,9.858991503715515137e-01,9.167252182960510254e-01,1.000000000000000000e+00,8.758482336997985840e-01,1.000000000000000000e+00,1.000000000000000000e+00,1.000000000000000000e+00,1.000000000000000000e+00,1.000000000000000000e+00,1.000000000000000000e+00,1.000000119209289551e+00,1.000000000000000000e+00,1.000000000000000000e+00,1.000000000000000000e+00,1.000000000000000000e+00,1.000000000000000000e+00,1.000000000000000000e+00,9.280207753181457520e-01,9.999999403953552246e-01,9.622890353202819824e-01,9.177982807159423828e-01,9.700935482978820801e-01,1.000000000000000000e+00,8.952526450157165527e-01,8.916811943054199219e-01,1.000000000000000000e+00
8.157796859741210938e-01,8.829490542411804199e-01,8.433682918548583984e-01,8.157719969749450684e-01,8.157717585563659668e-01,1.000000000000000000e+00,8.080465197563171387e-01,8.245642185211181641e-01,8.123424649238586426e-01,7.657160758972167969e-01,8.157638907432556152e-01,8.157637715339660645e-01,8.157635331153869629e-01,8.157654404640197754e-01,8.157652020454406738e-01,8.157651424407958984e-01,8.157650828361511230e-01,8.157663941383361816e-01,8.157662749290466309e-01,8.157661557197570801e-01,8.157796859741210938e-01,8.286523222923278809e-01,8.157793879508972168e-01,8.157792091369628906e-01,8.157791495323181152e-01,7.671923637390136719e-01,8.157785534858703613e-01,8.157784342765808105e-01,8.157781958580017090e-01,8.086585402488708496e-01,8.157783150672912598e-01,8.157782554626464844e-01,8.157780170440673828e-01,8.107452392578125000e-01,8.157799243927001953e-01,8.157796859741210938e-01,8.157796859741210938e-01,8.157809376716613770e-01,8.157808780670166016e-01,8.157806396484375000e-01,8.157796859741210938e-01,8.157795071601867676e-01,8.157793879508972168e-01,8.157792091369628906e-01,8.169701099395751953e-01,8.045026659965515137e-01,8.157804012298583984e-01,8.157801628112792969e-01,8.157801032066345215e-01,8.165163993835449219e-01,8.157779574394226074e-01,8.157777190208435059e-01,8.157777190208435059e-01,8.153223991394042969e-01,8.157774806022644043e-01,8.157773017883300781e-01,8.157772421836853027e-01,8.157785534858703613e-01,8.157784342765808105e-01,8.157782554626464844e-01,8.157796859741210938e-01,8.157794475555419922e-01,8.157792091369628906e-01,8.157790303230285645e-01,8.157789707183837891e-01,8.305716514587402344e-01,8.157801032066345215e-01,8.157798647880554199e-01,8.157796859741210938e-01,8.157789111137390137e-01,8.157787322998046875e-01,8.157787322998046875e-01,8.157785534858703613e-01,8.118825554847717285e-01,8.157782554626464844e-01,8.157781958580017090e-01,8.157780766487121582e-01,8.131851553916931152e-01,8.157792091369628906e-01,8.157792091369628906e-01,8.157796859741210938e-01,8.234185576438903809e-01,8.157803416252136230e-01,8.157801628112792969e-01,8.157799839973449707e-01,8.157791495323181152e-01,8.157804608345031738e-01,8.157803416252136230e-01,8.157801628112792969e-01,8.157801032066345215e-01,8.157799243927001953e-01,8.157798647880554199e-01,8.157796859741210938e-01,8.212910294532775879e-01,8.157795071601867676e-01,8.157793879508972168e-01,8.157792091369628906e-01,7.865362167358398438e-01,8.157804012298583984e-01,8.157803416252136230e-01,8.157796859741210938e-01,8.206003308296203613e-01,8.157796859741210938e-01,8.157795071601867676e-01,8.157792687416076660e-01,8.157782554626464844e-01,8.157796263694763184e-01,8.157795071601867676e-01,8.157794475555419922e-01,8.157792687416076660e-01,8.157790303230285645e-01,8.157790303230285645e-01,8.270106315612792969e-01,7.591807246208190918e-01,7.970539927482604980e-01,7.040947079658508301e-01,8.157811760902404785e-01,6.342470049858093262e-01,8.157823681831359863e-01,8.157823681831359863e-01,8.157796859741210938e-01,8.157742619514465332e-01,8.157690167427062988e-01,8.157688975334167480e-01,8.157687187194824219e-01,8.157687187194824219e-01,8.157699704170227051e-01,8.157698512077331543e-01,8.157696723937988281e-01,8.157696723937988281e-01,8.157694935798645020e-01,8.483474254608154297e-01,8.157691955566406250e-01,8.677396178245544434e-01,7.679296135902404785e-01,8.145471215248107910e-01,8.157652020454406738e-01,7.950360178947448730e-01,8.005200028419494629e-01,8.157736659049987793e-01
9.991745352745056152e-01,9.474000930786132812e-01,9.580657482147216797e-01,9.991752505302429199e-01,9.991752505302429199e-01,8.080465197563171387e-01,1.000000000000000000e+00,9.984949231147766113e-01,9.989137053489685059e-01,9.798904061317443848e-01,9.991758465766906738e-01,9.991758465766906738e-01,9.991759657859802246e-01,9.991758465766906738e-01,9.991758465766906738e-01,9.991758465766906738e-01,9.991758465766906738e-01,9.991760253906250000e-01,9.991759657859802246e-01,9.991759657859802246e-01,9.991745352745056152e-01,8.587415814399719238e-01,9.991745948791503906e-01,9.991745948791503906e-01,9.991747736930847168e-01,7.448716759681701660e-01,9.991752505302429199e-01,9.991752505302429199e-01,9.991752505302429199e-01,9.955388903617858887e-01,9.991752505302429199e-01,9.991752505302429199e-01,9.991752505302429199e-01,9.989529252052307129e-01,9.991750717163085938e-01,9.991750717163085938e-01,9.991752505302429199e-01,9.991752505302429199e-01,9.991752505302429199e-01,9.991753101348876953e-01,9.991745352745056152e-01,9.991745352745056152e-01,9.991745948791503906e-01,9.991745948791503906e-01,9.989886283874511719e-01,9.281280636787414551e-01,9.991747736930847168e-01,9.991746544837951660e-01,9.991747736930847168e-01,9.991424083709716797e-01,9.991746544837951660e-01,9.991745948791503906e-01,9.991746544837951660e-01,9.991972446441650391e-01,9.991746544837951660e-01,9.991746544837951660e-01,9.991746544837951660e-01,9.991747736930847168e-01,9.991748929023742676e-01,9.991748332977294922e-01,9.991745352745056152e-01,9.991744160652160645e-01,9.991745352745056152e-01,9.991745352745056152e-01,9.991745948791503906e-01,9.952728152275085449e-01,9.991747736930847168e-01,9.991748332977294922e-01,9.991747736930847168e-01,9.991748332977294922e-01,9.991748929023742676e-01,9.991748929023742676e-01,9.991748929023742676e-01,9.990963935852050781e-01,9.991750717163085938e-01,9.991748929023742676e-01,9.991750121116638184e-01,9.990735054016113281e-01,9.991751313209533691e-01,9.991750717163085938e-01,9.991745352745056152e-01,9.967942833900451660e-01,9.991745352745056152e-01,9.991744160652160645e-01,9.991745352745056152e-01,9.991745948791503906e-01,9.991746544837951660e-01,9.991745948791503906e-01,9.991746544837951660e-01,9.991746544837951660e-01,9.991746544837951660e-01,9.991746544837951660e-01,9.991746544837951660e-01,9.958486557006835938e-01,9.991747736930847168e-01,9.991747736930847168e-01,9.991747736930847168e-01,9.826537966728210449e-01,9.991748929023742676e-01,9.991748929023742676e-01,9.991745352745056152e-01,9.986793398857116699e-01,9.991746544837951660e-01,9.991745948791503906e-01,9.991745948791503906e-01,9.991747736930847168e-01,9.991748929023742676e-01,9.991748929023742676e-01,9.991750121116638184e-01,9.991748929023742676e-01,9.991750121116638184e-01,9.991748929023742676e-01,9.964440464973449707e-01,9.860346913337707520e-01,9.837584495544433594e-01,9.138495326042175293e-01,9.991748929023742676e-01,8.794266581535339355e-01,9.991750717163085938e-01,9.991751313209533691e-01,9.991745352745056152e-01,9.991748929023742676e-01,9.991750121116638184e-01,9.991748929023742676e-01,9.991750121116638184e-01,9.991750121116638184e-01,9.991750717163085938e-01,9.991750717163085938e-01,9.991750717163085938e-01,9.991752505302429199e-01,9.991752505302429199e-01,9.201323390007019043e-01,9.991752505302429199e-01,9.569980502128601074e-01,9.193528294563293457e-01,9.678733348846435547e-01,9.991755485534667969e-01,8.897225260734558105e-01,8.901214599609375000e-01,9.991753697395324707e-01
9.996134638786315918e-01,9.583627581596374512e-01,9.623360633850097656e-01,9.996129870414733887e-01,9.996129870414733887e-01,8.245642185211181641e-01,9.984949231147766113e-01,1.000000000000000000e+00,9.990847706794738770e-01,9.757744669914245605e-01,9.996122717857360840e-01,9.996122717857360840e-01,9.996122717857360840e-01,9.996123909950256348e-01,9.996123313903808594e-01,9.996123313903808594e-01,9.996123313903808594e-01,9.996123909950256348e-01,9.996125102043151855e-01,9.996123909950256348e-01,9.996134638786315918e-01,8.686185479164123535e-01,9.996133446693420410e-01,9.996134638786315918e-01,9.996133446693420410e-01,7.649013996124267578e-01,9.996132254600524902e-01,9.996132850646972656e-01,9.996132850646972656e-01,9.954147338867187500e-01,9.996132254600524902e-01,9.996132254600524902e-01,9.996132850646972656e-01,9.989264011383056641e-01,9.996132850646972656e-01,9.996132850646972656e-01,9.996132850646972656e-01,9.996134638786315918e-01,9.996134638786315918e-01,9.996134638786315918e-01,9.996134638786315918e-01,9.996133446693420410e-01,9.996132850646972656e-01,9.996135234832763672e-01,9.995970726013183594e-01,9.358317852020263672e-01,9.996134638786315918e-01,9.996134638786315918e-01,9.996135234832763672e-01,9.995732307434082031e-01,9.996134638786315918e-01,9.996134638786315918e-01,9.996134638786315918e-01,9.995487332344055176e-01,9.996134638786315918e-01,9.996134638786315918e-01,9.996134638786315918e-01,9.996134638786315918e-01,9.996134638786315918e-01,9.996134638786315918e-01,9.996134638786315918e-01,9.996133446693420410e-01,9.996133446693420410e-01,9.996133446693420410e-01,9.996134638786315918e-01,9.981133341789245605e-01,9.996135234832763672e-01,9.996135234832763672e-01,9.996134638786315918e-01,9.996134638786315918e-01,9.996134638786315918e-01,9.996134638786315918e-01,9.996133446693420410e-01,9.993166923522949219e-01,9.996134638786315918e-01,9.996132850646972656e-01,9.996134638786315918e-01,9.992940425872802734e-01,9.996135234832763672e-01,9.996135234832763672e-01,9.996134638786315918e-01,9.979031682014465332e-01,9.996134638786315918e-01,9.996135234832763672e-01,9.996134638786315918e-01,9.996135234832763672e-01,9.996135830879211426e-01,9.996135830879211426e-01,9.996135830879211426e-01,9.996135830879211426e-01,9.996135830879211426e-01,9.996135830879211426e-01,9.996135234832763672e-01,9.964144825935363770e-01,9.996135830879211426e-01,9.996135830879211426e-01,9.996135830879211426e-01,9.801043868064880371e-01,9.996137022972106934e-01,9.996137619018554688e-01,9.996134638786315918e-01,9.996351599693298340e-01,9.996134638786315918e-01,9.996134638786315918e-01,9.996134638786315918e-01,9.996134638786315918e-01,9.996134638786315918e-01,9.996135234832763672e-01,9.996135234832763672e-01,9.996134638786315918e-01,9.996134638786315918e-01,9.996134638786315918e-01,9.987578392028808594e-01,9.809212684631347656e-01,9.854027628898620605e-01,9.138620495796203613e-01,9.996135234832763672e-01,8.702876567840576172e-01,9.996137022972106934e-01,9.996135830879211426e-01,9.996134638786315918e-01,9.996129870414733887e-01,9.996125698089599609e-01,9.996125102043151855e-01,9.996125698089599609e-01,9.996126294136047363e-01,9.996126294136047363e-01,9.996127486228942871e-01,9.996126294136047363e-01,9.996127486228942871e-01,9.996126294136047363e-01,9.317774772644042969e-01,9.996126294136047363e-01,9.677632451057434082e-01,9.222354888916015625e-01,9.695971012115478516e-01,9.996123313903808594e-01,9.004408717155456543e-01,8.986274600028991699e-01,9.996128082275390625e-01
9.992783069610595703e-01,9.487318396568298340e-01,9.544460773468017578e-01,9.992787241935729980e-01,9.992786049842834473e-01,8.123424649238586426e-01,9.989137053489685059e-01,9.990847706794738770e-01,1.000000000000000000e+00,9.759765267372131348e-01,9.992775917053222656e-01,9.992776513099670410e-01,9.992776513099670410e-01,9.992775917053222656e-01,9.992777705192565918e-01,9.992777705192565918e-01,9.992775917053222656e-01,9.992777705192565918e-01,9.992777705192565918e-01,9.992776513099670410e-01,9.992783069610595703e-01,8.626893162727355957e-01,9.992783069610595703e-01,9.992783069610595703e-01,9.992782473564147949e-01,7.537195086479187012e-01,9.992782473564147949e-01,9.992782473564147949e-01,9.992782473564147949e-01,9.944343566894531250e-01,9.992780685424804688e-01,9.992780685424804688e-01,9.992780685424804688e-01,9.988021850585937500e-01,9.992782473564147949e-01,9.992782473564147949e-01,9.992782473564147949e-01,9.992783069610595703e-01,9.992783069610595703e-01,9.992782473564147949e-01,9.992783069610595703e-01,9.992783069610595703e-01,9.992783665657043457e-01,9.992783069610595703e-01,9.989557862281799316e-01,9.331937432289123535e-01,9.992783665657043457e-01,9.992783069610595703e-01,9.992784857749938965e-01,9.990732669830322266e-01,9.992787837982177734e-01,9.992787837982177734e-01,9.992787241935729980e-01,9.991705417633056641e-01,9.992787837982177734e-01,9.992787837982177734e-01,9.992787837982177734e-01,9.992788434028625488e-01,9.992788434028625488e-01,9.992788434028625488e-01,9.992783069610595703e-01,9.992784857749938965e-01,9.992784857749938965e-01,9.992784857749938965e-01,9.992784857749938965e-01,9.976038336753845215e-01,9.992785453796386719e-01,9.992785453796386719e-01,9.992785453796386719e-01,9.992786049842834473e-01,9.992786049842834473e-01,9.992786049842834473e-01,9.992786049842834473e-01,9.994127154350280762e-01,9.992787241935729980e-01,9.992786049842834473e-01,9.992787241935729980e-01,9.990009665489196777e-01,9.992787241935729980e-01,9.992787241935729980e-01,9.992783069610595703e-01,9.963400959968566895e-01,9.992785453796386719e-01,9.992783665657043457e-01,9.992784857749938965e-01,9.992785453796386719e-01,9.992786049842834473e-01,9.992786049842834473e-01,9.992785453796386719e-01,9.992787241935729980e-01,9.992786049842834473e-01,9.992786049842834473e-01,9.992787241935729980e-01,9.949796199798583984e-01,9.992786049842834473e-01,9.992786049842834473e-01,9.992786049842834473e-01,9.806496500968933105e-01,9.992787241935729980e-01,9.992787241935729980e-01,9.992783069610595703e-01,9.989328980445861816e-01,9.992782473564147949e-01,9.992781281471252441e-01,9.992781281471252441e-01,9.992782473564147949e-01,9.992782473564147949e-01,9.992783069610595703e-01,9.992783069610595703e-01,9.992783069610595703e-01,9.992783069610595703e-01,9.992782473564147949e-01,9.979630112648010254e-01,9.820335507392883301e-01,9.870381355285644531e-01,9.189696311950683594e-01,9.992778897285461426e-01,8.761546015739440918e-01,9.992780685424804688e-01,9.992780685424804688e-01,9.992783069610595703e-01,9.992778897285461426e-01,9.992780089378356934e-01,9.992778897285461426e-01,9.992778897285461426e-01,9.992780089378356934e-01,9.992780089378356934e-01,9.992778897285461426e-01,9.992780685424804688e-01,9.992780089378356934e-01,9.992780685424804688e-01,9.293398857116699219e-01,9.992778897285461426e-01,9.611480832099914551e-01,9.187068343162536621e-01,9.679297804832458496e-01,9.992777705192565918e-01,8.896922469139099121e-01,8.962723612785339355e-01,9.992774128913879395e-01
9.787651896476745605e-01,9.146015048027038574e-01,9.390223622322082520e-01,9.787678718566894531e-01,9.787678718566894531e-01,7.657160758972167969e-01,9.798904061317443848e-01,9.757744669914245605e-01,9.759765267372131348e-01,1.000000000000000000e+00,9.787698388099670410e-01,9.787699580192565918e-01,9.787700176239013672e-01,9.787680506706237793e-01,9.787679314613342285e-01,9.787678718566894531e-01,9.787680506706237793e-01,9.787680506706237793e-01,9.787681102752685547e-01,9.787681698799133301e-01,9.787651896476745605e-01,7.994162440299987793e-01,9.787651896476745605e-01,9.787653088569641113e-01,9.787659645080566406e-01,7.379806637763977051e-01,9.787651896476745605e-01,9.787652492523193359e-01,9.787653088569641113e-01,9.870389103889465332e-01,9.787640571594238281e-01,9.787640571594238281e-01,9.787641167640686035e-01,9.827950596809387207e-01,9.787619709968566895e-01,9.787619709968566895e-01,9.787620902061462402e-01,9.787621498107910156e-01,9.787622094154357910e-01,9.787623286247253418e-01,9.787651896476745605e-01,9.787651896476745605e-01,9.787652492523193359e-01,9.787653088569641113e-01,9.794902801513671875e-01,9.250791072845458984e-01,9.787655472755432129e-01,9.787655472755432129e-01,9.787656664848327637e-01,9.787683486938476562e-01,9.787654876708984375e-01,9.787654876708984375e-01,9.787654876708984375e-01,9.799787998199462891e-01,9.787653088569641113e-01,9.787653088569641113e-01,9.787654876708984375e-01,9.787654876708984375e-01,9.787654876708984375e-01,9.787655472755432129e-01,9.787651896476745605e-01,9.787638187408447266e-01,9.787638783454895020e-01,9.787639975547790527e-01,9.787640571594238281e-01,9.703279137611389160e-01,9.787635803222656250e-01,9.787635803222656250e-01,9.787635803222656250e-01,9.787626266479492188e-01,9.787626266479492188e-01,9.787626862525939941e-01,9.787626862525939941e-01,9.798856377601623535e-01,9.787629246711730957e-01,9.787629246711730957e-01,9.787629246711730957e-01,9.819410443305969238e-01,9.787631034851074219e-01,9.787632822990417480e-01,9.787651896476745605e-01,9.791955947875976562e-01,9.787633419036865234e-01,9.787634015083312988e-01,9.787635207176208496e-01,9.787623286247253418e-01,9.787623882293701172e-01,9.787624478340148926e-01,9.787626266479492188e-01,9.787625670433044434e-01,9.787626266479492188e-01,9.787626862525939941e-01,9.787628054618835449e-01,9.776600003242492676e-01,9.787628650665283203e-01,9.787628650665283203e-01,9.787629246711730957e-01,9.850947260856628418e-01,9.787630438804626465e-01,9.787631034851074219e-01,9.787651896476745605e-01,9.767835736274719238e-01,9.787650704383850098e-01,9.787650704383850098e-01,9.787651896476745605e-01,9.787662625312805176e-01,9.787662625312805176e-01,9.787664413452148438e-01,9.787664413452148438e-01,9.787664413452148438e-01,9.787665009498596191e-01,9.787665009498596191e-01,9.674989581108093262e-01,9.757413268089294434e-01,9.700002670288085938e-01,9.357206225395202637e-01,9.787656664848327637e-01,8.985115885734558105e-01,9.787659645080566406e-01,9.787659645080566406e-01,9.787651896476745605e-01,9.787685275077819824e-01,9.787699580192565918e-01,9.787700176239013672e-01,9.787700772285461426e-01,9.787700772285461426e-01,9.787701964378356934e-01,9.787702560424804688e-01,9.787703156471252441e-01,9.787704348564147949e-01,9.787704348564147949e-01,8.691630363464355469e-01,9.787704348564147949e-01,9.120619297027587891e-01,8.710063099861145020e-01,9.287688136100769043e-01,9.787735939025878906e-01,8.485135436058044434e-01,8.280773162841796875e-01,9.787721037864685059e-01
1.000000000000000000e+00,9.520089030265808105e-01,9.582806229591369629e-01,1.000000000000000000e+00,1.000000000000000000e+00,8.157638907432556152e-01,9.991758465766906738e-01,9.996122717857360840e-01,9.992775917053222656e-01,9.787698388099670410e-01,1.000000000000000000e+00,1.000000000000000000e+00,1.000000000000000000e+00,1.000000000000000000e+00,1.000000000000000000e+00,1.000000000000000000e+00,1.000000000000000000e+00,1.000000000000000000e+00,1.000000000000000000e+00,9.999998211860656738e-01,1.000000000000000000e+00,8.637273311614990234e-01,1.000000000000000000e+00,1.000000000000000000e+00,1.000000000000000000e+00,7.591755986213684082e-01,1.000000000000000000e+00,1.000000000000000000e+00,1.000000000000000000e+00,9.959618449211120605e-01,1.000000000000000000e+00,1.000000000000000000e+00,1.000000000000000000e+00,9.995571970939636230e-01,1.000000000000000000e+00,1.000000000000000000e+00,1.000000000000000000e+00,1.000000000000000000e+00,1.000000000000000000e+00,1.000000000000000000e+00,1.000000000000000000e+00,9.999999403953552246e-01,9.999999403953552246e-01,1.000000119209289551e+00,9.999230504035949707e-01,9.350037574768066406e-01,1.000000000000000000e+00,1.000000000000000000e+00,1.000000000000000000e+00,9.999685287475585938e-01,1.000000000000000000e+00,1.000000000000000000e+00,1.000000000000000000e+00,9.999683499336242676e-01,1.000000000000000000e+00,1.000000000000000000e+00,1.000000000000000000e+00,1.000000000000000000e+00,1.000000000000000000e+00,1.000000000000000000e+00,1.000000000000000000e+00,1.000000000000000000e+00,1.000000000000000000e+00,1.000000000000000000e+00,1.000000000000000000e+00,9.973593354225158691e-01,1.000000000000000000e+00,1.000000000000000000e+00,1.000000000000000000e+00,1.000000000000000000e+00,1.000000000000000000e+00,1.000000000000000000e+00,1.000000000000000000e+00,9.998750090599060059e-01,1.000000000000000000e+00,1.000000000000000000e+00,1.000000000000000000e+00,9.997894763946533203e-01,1.000000000000000000e+00,1.000000000000000000e+00,1.000000000000000000e+00,9.978780746459960938e-01,1.000000000000000000e+00,1.000000000000000000e+00,1.000000000000000000e+00,1.000000000000000000e+00,1.000000000000000000e+00,9.999999403953552246e-01,1.000000000000000000e+00,1.000000000000000000e+00,1.000000000000000000e+00,1.000000000000000000e+00,1.000000000000000000e+00,9.966207146644592285e-01,1.000000000000000000e+00,1.000000000000000000e+00,9.999999403953552246e-01,9.814230799674987793e-01,1.000000000000000000e+00,1.000000000000000000e+00,1.000000000000000000e+00,9.997482895851135254e-01,1.000000000000000000e+00,1.000000000000000000e+00,1.000000000000000000e+00,1.000000000000000000e+00,1.000000000000000000e+00,1.000000000000000000e+00,1.000000000000000000e+00,1.000000000000000000e+00,9.999999403953552246e-01,1.000000000000000000e+00,9.977560043334960938e-01,9.836124777793884277e-01,9.858961105346679688e-01,9.167192578315734863e-01,1.000000000000000000e+00,8.758513331413269043e-01,1.000000000000000000e+00,9.999999403953552246e-01,1.000000000000000000e+00,1.000000000000000000e+00,1.000000000000000000e+00,1.000000000000000000e+00,1.000000000000000000e+00,1.000000000000000000e+00,1.000000000000000000e+00,1.000000000000000000e+00,1.000000000000000000e+00,1.000000000000000000e+00,1.000000000000000000e+00,9.280133843421936035e-01,1.000000000000000000e+00,9.622847437858581543e-01,9.177985787391662598e-01,9.700961112976074219e-01,1.000000000000000000e+00,8.952536582946777344e-01,8.916739821434020996e-01,1.000000000000000000e+00
