1.000000000000000000e+00,9.113895297050476074e-01,9.278600811958312988e-01,9.467597603797912598e-01,1.000000000000000000e+00,8.505730628967285156e-01,9.739804267883300781e-01,9.909899830818176270e-01,9.959197044372558594e-01,9.205904006958007812e-01,9.921473860740661621e-01,9.975299835205078125e-01,9.993404746055603027e-01,9.663190841674804688e-01,9.938151240348815918e-01,9.982805848121643066e-01,9.995126724243164062e-01,9.959239363670349121e-01,9.990959167480468750e-01,9.997749328613281250e-01,1.000000000000000000e+00,9.998499751091003418e-01,9.999642372131347656e-01,9.999911189079284668e-01,9.999977946281433105e-01,9.999994635581970215e-01,9.999998211860656738e-01,9.999999403953552246e-01,9.999999403953552246e-01,8.353852629661560059e-01,9.997132420539855957e-01,9.999321103096008301e-01,9.999831318855285645e-01,9.659035205841064453e-01,9.951176643371582031e-01,9.987410902976989746e-01,9.996863007545471191e-01,9.932726025581359863e-01,9.990094304084777832e-01,9.997662901878356934e-01,1.000000000000000000e+00,9.997732043266296387e-01,9.999439716339111328e-01,9.999859929084777832e-01,9.999964237213134766e-01,9.999992251396179199e-01,9.999998211860656738e-01,9.999999403953552246e-01,1.000000000000000000e+00,9.762805104255676270e-01,1.000000000000000000e+00,1.000000000000000000e+00,9.999999403953552246e-01,9.878080487251281738e-01,9.990730285644531250e-01,9.996306300163269043e-01,9.999001622200012207e-01,9.978020191192626953e-01,9.995196461677551270e-01,9.998851418495178223e-01,1.000000000000000000e+00,9.987981319427490234e-01,9.999255537986755371e-01,9.999813437461853027e-01,9.999952316284179688e-01,9.999983310699462891e-01,9.999995231628417969e-01,9.999999403953552246e-01,1.000000000000000000e+00,9.933694005012512207e-01,1.000000000000000000e+00,9.999999403953552246e-01,9.999999403953552246e-01,9.869553446769714355e-01,9.985067844390869141e-01,9.996369481086730957e-01,9.999068379402160645e-01,9.940173625946044922e-01,9.981812834739685059e-01,9.994735717773437500e-01,1.000000000000000000e+00,9.998833537101745605e-01,9.999704957008361816e-01,9.999926090240478516e-01,9.999980926513671875e-01,9.982593655586242676e-01,9.995461106300354004e-01,9.998788833618164062e-01,9.999695420265197754e-01,9.942298531532287598e-01,9.999980926513671875e-01,9.999995231628417969e-01,9.999998211860656738e-01,9.999769330024719238e-01,9.999942183494567871e-01,9.999985694885253906e-01,9.999997019767761230e-01,9.999999403953552246e-01,1.000000000000000000e+00,9.999999403953552246e-01,1.000000000000000000e+00,1.000000000000000000e+00,1.000000000000000000e+00,1.000000000000000000e+00,1.000000000000000000e+00,1.000000000000000000e+00,9.989784359931945801e-01,9.997456073760986328e-01,9.999351501464843750e-01,9.915289878845214844e-01,9.999959468841552734e-01,9.999989867210388184e-01,9.999997019767761230e-01,9.999096989631652832e-01,9.999772906303405762e-01,9.999942779541015625e-01,9.999985694885253906e-01,9.999995827674865723e-01,9.999998211860656738e-01,1.000000000000000000e+00,1.000000000000000000e+00,1.000000000000000000e+00,9.471606612205505371e-01,1.000000000000000000e+00,1.000000000000000000e+00,9.811496734619140625e-01,9.821532368659973145e-01,9.916240572929382324e-01,9.985684752464294434e-01,9.996204376220703125e-01,9.999052882194519043e-01,9.909660220146179199e-01,9.999940395355224609e-01,9.999821186065673828e-01,9.999995827674865723e-01,9.490857124328613281e-01,9.999980926513671875e-01,9.999995231628417969e-01,9.999998211860656738e-01,9.539589881896972656e-01
9.113895297050476074e-01,1.000000000000000000e+00,8.940968513488769531e-01,8.267607092857360840e-01,9.113895297050476074e-01,8.330957889556884766e-01,9.236676692962646484e-01,9.018924236297607422e-01,9.006876945495605469e-01,8.499019742012023926e-01,9.129610657691955566e-01,9.145779609680175781e-01,9.134897589683532715e-01,8.917310237884521484e-01,9.079745411872863770e-01,9.109900593757629395e-01,9.113207459449768066e-01,9.179654717445373535e-01,9.144919514656066895e-01,9.129700064659118652e-01,9.113895297050476074e-01,9.126892089843750000e-01,9.119951128959655762e-01,9.116920828819274902e-01,9.115430712699890137e-01,9.114668369293212891e-01,9.114282727241516113e-01,9.114089608192443848e-01,9.113991856575012207e-01,8.087255358695983887e-01,9.103426337242126465e-01,9.108782410621643066e-01,9.111394286155700684e-01,8.930108547210693359e-01,9.107204079627990723e-01,9.104005694389343262e-01,9.111232161521911621e-01,9.108548760414123535e-01,9.134335517883300781e-01,9.123649001121520996e-01,9.113895297050476074e-01,9.126023650169372559e-01,9.119946360588073730e-01,9.116833209991455078e-01,9.115386605262756348e-01,9.114646911621093750e-01,9.114271998405456543e-01,9.114084243774414062e-01,9.113989472389221191e-01,8.841025233268737793e-01,9.113919138908386230e-01,9.113907217979431152e-01,9.113901257514953613e-01,9.154437184333801270e-01,9.077131152153015137e-01,9.089176058769226074e-01,9.103155136108398438e-01,9.095708727836608887e-01,9.104105830192565918e-01,9.109444022178649902e-01,9.113895297050476074e-01,9.081593155860900879e-01,9.103682637214660645e-01,9.108912348747253418e-01,9.111434817314147949e-01,9.112251400947570801e-01,9.113077521324157715e-01,9.113486409187316895e-01,9.113691449165344238e-01,9.025586247444152832e-01,9.113844037055969238e-01,9.113869071006774902e-01,9.113882184028625488e-01,9.037593007087707520e-01,9.093733429908752441e-01,9.105269908905029297e-01,9.109366536140441895e-01,9.074553847312927246e-01,9.097116589546203613e-01,9.107449650764465332e-01,9.113895297050476074e-01,9.090139269828796387e-01,9.101789593696594238e-01,9.107810854911804199e-01,9.110863804817199707e-01,9.017011523246765137e-01,9.067474007606506348e-01,9.090645313262939453e-01,9.102458953857421875e-01,8.983270525932312012e-01,9.111074805259704590e-01,9.112488627433776855e-01,9.113192558288574219e-01,9.105290770530700684e-01,9.109632372856140137e-01,9.111773371696472168e-01,9.112835526466369629e-01,9.113366007804870605e-01,9.113630652427673340e-01,9.113762378692626953e-01,9.113895297050476074e-01,9.113895297050476074e-01,9.113895297050476074e-01,9.113895297050476074e-01,9.113895297050476074e-01,9.113895297050476074e-01,9.167280197143554688e-01,9.141421318054199219e-01,9.128165841102600098e-01,8.836299777030944824e-01,9.117555618286132812e-01,9.115733504295349121e-01,9.114815592765808105e-01,9.099881052970886230e-01,9.107031822204589844e-01,9.110499024391174316e-01,9.112207293510437012e-01,9.113052487373352051e-01,9.113474488258361816e-01,9.113684296607971191e-01,9.113895297050476074e-01,9.113895297050476074e-01,8.605011105537414551e-01,9.113895297050476074e-01,9.113895297050476074e-01,8.792922496795654297e-01,8.792688846588134766e-01,8.891405463218688965e-01,9.048736691474914551e-01,9.084134697914123535e-01,9.099609255790710449e-01,9.216461181640625000e-01,9.110450148582458496e-01,9.119597077369689941e-01,9.113485813140869141e-01,8.866410255432128906e-01,9.111556410789489746e-01,9.112730622291564941e-01,9.113314747810363770e-01,9.225521683692932129e-01
9.278600811958312988e-01,8.940968513488769531e-01,1.000000000000000000e+00,8.895005583763122559e-01,9.278600811958312988e-01,8.806861042976379395e-01,8.981971144676208496e-01,9.072246551513671875e-01,9.168930649757385254e-01,8.954839706420898438e-01,9.373793601989746094e-01,9.346597194671630859e-01,9.319717884063720703e-01,9.355315566062927246e-01,9.330537319183349609e-01,9.319700598716735840e-01,9.304692149162292480e-01,9.367708563804626465e-01,9.323496818542480469e-01,9.303821921348571777e-01,9.278600811958312988e-01,9.267652630805969238e-01,9.273974895477294922e-01,9.276369214057922363e-01,9.277505278587341309e-01,9.278057217597961426e-01,9.278331398963928223e-01,9.278466701507568359e-01,9.278533458709716797e-01,7.206085324287414551e-01,9.244508147239685059e-01,9.262807965278625488e-01,9.270902276039123535e-01,8.596823811531066895e-01,9.152052402496337891e-01,9.212627410888671875e-01,9.248538017272949219e-01,9.207067489624023438e-01,9.272939562797546387e-01,9.279818534851074219e-01,9.278600811958312988e-01,9.257180094718933105e-01,9.268149733543395996e-01,9.273341298103332520e-01,9.275998473167419434e-01,9.277306199073791504e-01,9.277955889701843262e-01,9.278278350830078125e-01,9.278440475463867188e-01,8.820228576660156250e-01,9.278561472892761230e-01,9.278581738471984863e-01,9.278591275215148926e-01,9.046759009361267090e-01,9.232705235481262207e-01,9.241724014282226562e-01,9.260069727897644043e-01,9.175276756286621094e-01,9.234809279441833496e-01,9.258254170417785645e-01,9.278600811958312988e-01,9.255775809288024902e-01,9.277755618095397949e-01,9.278335571289062500e-01,9.278512597084045410e-01,9.276511073112487793e-01,9.277558326721191406e-01,9.278080463409423828e-01,9.278340935707092285e-01,9.247879981994628906e-01,9.278536438941955566e-01,9.278568625450134277e-01,9.278585314750671387e-01,9.081180691719055176e-01,9.279739260673522949e-01,9.287000298500061035e-01,9.284337162971496582e-01,9.084312319755554199e-01,9.176132082939147949e-01,9.224149584770202637e-01,9.278600811958312988e-01,9.268271923065185547e-01,9.273429512977600098e-01,9.276002049446105957e-01,9.277314543724060059e-01,9.314410090446472168e-01,9.302089810371398926e-01,9.292060732841491699e-01,9.285619854927062988e-01,9.233839511871337891e-01,9.280414581298828125e-01,9.279513359069824219e-01,9.279058575630187988e-01,9.279959797859191895e-01,9.279335141181945801e-01,9.278982281684875488e-01,9.278795123100280762e-01,9.278699755668640137e-01,9.278650879859924316e-01,9.278625845909118652e-01,9.278600811958312988e-01,9.278600811958312988e-01,9.278600811958312988e-01,9.278600811958312988e-01,9.278600811958312988e-01,9.278600811958312988e-01,9.261041283607482910e-01,9.272809028625488281e-01,9.276404380798339844e-01,9.294237494468688965e-01,9.278163313865661621e-01,9.278392195701599121e-01,9.278499484062194824e-01,9.286831021308898926e-01,9.282953739166259766e-01,9.280837178230285645e-01,9.279735088348388672e-01,9.279171824455261230e-01,9.278886914253234863e-01,9.278743863105773926e-01,9.278600811958312988e-01,9.278600811958312988e-01,8.729000091552734375e-01,9.278600811958312988e-01,9.278600811958312988e-01,9.116587638854980469e-01,9.175770878791809082e-01,9.227857589721679688e-01,9.284613728523254395e-01,9.281561374664306641e-01,9.280712604522705078e-01,9.188684821128845215e-01,9.279289245605468750e-01,9.279291033744812012e-01,9.278724789619445801e-01,8.963393568992614746e-01,9.279644489288330078e-01,9.279127120971679688e-01,9.278865456581115723e-01,8.665710091590881348e-01
9.467597603797912598e-01,8.267607092857360840e-01,8.895005583763122559e-01,1.000000000000000000e+00,9.467597603797912598e-01,8.014083504676818848e-01,8.946393132209777832e-01,9.471992850303649902e-01,9.597603678703308105e-01,8.445167541503906250e-01,9.219875335693359375e-01,9.341881871223449707e-01,9.413981437683105469e-01,9.308373332023620605e-01,9.409906268119812012e-01,9.452579021453857422e-01,9.467131495475769043e-01,9.454405903816223145e-01,9.478337168693542480e-01,9.477413296699523926e-01,9.467597603797912598e-01,9.455178380012512207e-01,9.462816119194030762e-01,9.465340971946716309e-01,9.466484189033508301e-01,9.467044472694396973e-01,9.467322826385498047e-01,9.467460513114929199e-01,9.467528462409973145e-01,7.130611538887023926e-01,9.437396526336669922e-01,9.454055428504943848e-01,9.461054801940917969e-01,8.662221431732177734e-01,9.204644560813903809e-01,9.354100823402404785e-01,9.413778185844421387e-01,9.405410885810852051e-01,9.459138512611389160e-01,9.468465447425842285e-01,9.467597603797912598e-01,9.433693289756774902e-01,9.451435208320617676e-01,9.459731578826904297e-01,9.463694691658020020e-01,9.465654492378234863e-01,9.466629028320312500e-01,9.467113614082336426e-01,9.467356204986572266e-01,9.299831986427307129e-01,9.467537999153137207e-01,9.467568397521972656e-01,9.467583298683166504e-01,9.143605232238769531e-01,9.485054612159729004e-01,9.480860233306884766e-01,9.473969340324401855e-01,9.462006688117980957e-01,9.474824070930480957e-01,9.472990036010742188e-01,9.467597603797912598e-01,9.529637694358825684e-01,9.489932656288146973e-01,9.478937983512878418e-01,9.473319053649902344e-01,9.469016194343566895e-01,9.468310475349426270e-01,9.467954635620117188e-01,9.467776417732238770e-01,9.577937126159667969e-01,9.467642903327941895e-01,9.467620849609375000e-01,9.467609524726867676e-01,9.325600266456604004e-01,9.531171917915344238e-01,9.505207538604736328e-01,9.488254189491271973e-01,9.314229488372802734e-01,9.394978880882263184e-01,9.434817433357238770e-01,9.467597603797912598e-01,9.497769474983215332e-01,9.483256936073303223e-01,9.475536346435546875e-01,9.471585154533386230e-01,9.589615464210510254e-01,9.533705115318298340e-01,9.503085613250732422e-01,9.485693573951721191e-01,9.599133133888244629e-01,9.472181797027587891e-01,9.469895362854003906e-01,9.468747973442077637e-01,9.483045935630798340e-01,9.475384354591369629e-01,9.471507072448730469e-01,9.469556212425231934e-01,9.468578696250915527e-01,9.468088150024414062e-01,9.467843174934387207e-01,9.467597603797912598e-01,9.467597603797912598e-01,9.467597603797912598e-01,9.467597603797912598e-01,9.467597603797912598e-01,9.467597603797912598e-01,9.354100227355957031e-01,9.413092136383056641e-01,9.440636634826660156e-01,9.564704895019531250e-01,9.460976123809814453e-01,9.464297294616699219e-01,9.465950131416320801e-01,9.496091008186340332e-01,9.482100605964660645e-01,9.474914073944091797e-01,9.471271634101867676e-01,9.469439387321472168e-01,9.468519091606140137e-01,9.468058943748474121e-01,9.467597603797912598e-01,9.467597603797912598e-01,9.000084996223449707e-01,9.467597603797912598e-01,9.467597603797912598e-01,9.406368136405944824e-01,9.455065131187438965e-01,9.535910487174987793e-01,9.504396915435791016e-01,9.487870335578918457e-01,9.478507637977600098e-01,9.098237156867980957e-01,9.470467567443847656e-01,9.466528296470642090e-01,9.468212127685546875e-01,8.836651444435119629e-01,9.469115734100341797e-01,9.468359947204589844e-01,9.467979073524475098e-01,8.395234942436218262e-01
1.000000000000000000e+00,9.113895297050476074e-01,9.278600811958312988e-01,9.467597603797912598e-01,1.000000000000000000e+00,8.505730628967285156e-01,9.739804267883300781e-01,9.909899830818176270e-01,9.959197044372558594e-01,9.205904006958007812e-01,9.921473860740661621e-01,9.975299835205078125e-01,9.993404746055603027e-01,9.663190841674804688e-01,9.938151240348815918e-01,9.982805848121643066e-01,9.995126724243164062e-01,9.959239363670349121e-01,9.990959167480468750e-01,9.997749328613281250e-01,1.000000000000000000e+00,9.998499751091003418e-01,9.999642372131347656e-01,9.999911189079284668e-01,9.999977946281433105e-01,9.999994635581970215e-01,9.999998211860656738e-01,9.999999403953552246e-01,9.999999403953552246e-01,8.353852629661560059e-01,9.997132420539855957e-01,9.999321103096008301e-01,9.999831318855285645e-01,9.659035205841064453e-01,9.951176643371582031e-01,9.987410902976989746e-01,9.996863007545471191e-01,9.932726025581359863e-01,9.990094304084777832e-01,9.997662901878356934e-01,1.000000000000000000e+00,9.997732043266296387e-01,9.999439716339111328e-01,9.999859929084777832e-01,9.999964237213134766e-01,9.999992251396179199e-01,9.999998211860656738e-01,9.999999403953552246e-01,1.000000000000000000e+00,9.762805104255676270e-01,1.000000000000000000e+00,1.000000000000000000e+00,9.999999403953552246e-01,9.878080487251281738e-01,9.990730285644531250e-01,9.996306300163269043e-01,9.999001622200012207e-01,9.978020191192626953e-01,9.995196461677551270e-01,9.998851418495178223e-01,1.000000000000000000e+00,9.987981319427490234e-01,9.999255537986755371e-01,9.999813437461853027e-01,9.999952316284179688e-01,9.999983310699462891e-01,9.999995231628417969e-01,9.999999403953552246e-01,1.000000000000000000e+00,9.933694005012512207e-01,1.000000000000000000e+00,9.999999403953552246e-01,9.999999403953552246e-01,9.869553446769714355e-01,9.985067844390869141e-01,9.996369481086730957e-01,9.999068379402160645e-01,9.940173625946044922e-01,9.981812834739685059e-01,9.994735717773437500e-01,1.000000000000000000e+00,9.998833537101745605e-01,9.999704957008361816e-01,9.999926090240478516e-01,9.999980926513671875e-01,9.982593655586242676e-01,9.995461106300354004e-01,9.998788833618164062e-01,9.999695420265197754e-01,9.942298531532287598e-01,9.999980926513671875e-01,9.999995231628417969e-01,9.999998211860656738e-01,9.999769330024719238e-01,9.999942183494567871e-01,9.999985694885253906e-01,9.999997019767761230e-01,9.999999403953552246e-01,1.000000000000000000e+00,9.999999403953552246e-01,1.000000000000000000e+00,1.000000000000000000e+00,1.000000000000000000e+00,1.000000000000000000e+00,1.000000000000000000e+00,1.000000000000000000e+00,9.989784359931945801e-01,9.997456073760986328e-01,9.999351501464843750e-01,9.915289878845214844e-01,9.999959468841552734e-01,9.999989867210388184e-01,9.999997019767761230e-01,9.999096989631652832e-01,9.999772906303405762e-01,9.999942779541015625e-01,9.999985694885253906e-01,9.999995827674865723e-01,9.999998211860656738e-01,1.000000000000000000e+00,1.000000000000000000e+00,1.000000000000000000e+00,9.471606612205505371e-01,1.000000000000000000e+00,1.000000000000000000e+00,9.811496734619140625e-01,9.821532368659973145e-01,9.916240572929382324e-01,9.985684752464294434e-01,9.996204376220703125e-01,9.999052882194519043e-01,9.909660220146179199e-01,9.999940395355224609e-01,9.999821186065673828e-01,9.999995827674865723e-01,9.490857124328613281e-01,9.999980926513671875e-01,9.999995231628417969e-01,9.999998211860656738e-01,9.539589881896972656e-01
8.505730628967285156e-01,8.330957889556884766e-01,8.806861042976379395e-01,8.014083504676818848e-01,8.505730628967285156e-01,1.000000000000000000e+00,7.860625386238098145e-01,8.117489218711853027e-01,8.243350982666015625e-01,7.354614138603210449e-01,8.584620356559753418e-01,8.588402867317199707e-01,8.556504845619201660e-01,9.205239415168762207e-01,8.761354088783264160e-01,8.645305633544921875e-01,8.576293587684631348e-01,8.815281987190246582e-01,8.658426403999328613e-01,8.583510518074035645e-01,8.505730628967285156e-01,8.472122550010681152e-01,8.488720059394836426e-01,8.497161269187927246e-01,8.501448035240173340e-01,8.503589630126953125e-01,8.504660725593566895e-01,8.505195975303649902e-01,8.505463004112243652e-01,5.749859213829040527e-01,8.478829264640808105e-01,8.493025302886962891e-01,8.499476313591003418e-01,7.754053473472595215e-01,8.344267010688781738e-01,8.421456217765808105e-01,8.466382026672363281e-01,8.691357970237731934e-01,8.596145510673522949e-01,8.552465438842773438e-01,8.505730628967285156e-01,8.456904292106628418e-01,8.481237888336181641e-01,8.493406176567077637e-01,8.499584197998046875e-01,8.502661585807800293e-01,8.504197597503662109e-01,8.504964709281921387e-01,8.505347371101379395e-01,7.584681510925292969e-01,8.505635261535644531e-01,8.505682945251464844e-01,8.505706787109375000e-01,7.962379455566406250e-01,8.368458747863769531e-01,8.422179222106933594e-01,8.464007973670959473e-01,8.464681506156921387e-01,8.488426804542541504e-01,8.497910499572753906e-01,8.505730628967285156e-01,8.542361259460449219e-01,8.519204258918762207e-01,8.512585163116455078e-01,8.509192466735839844e-01,8.506029248237609863e-01,8.505875468254089355e-01,8.505802750587463379e-01,8.505766987800598145e-01,8.671637177467346191e-01,8.505739569664001465e-01,8.505735397338867188e-01,8.505733013153076172e-01,7.990619540214538574e-01,8.529991507530212402e-01,8.521824479103088379e-01,8.513696193695068359e-01,8.131769299507141113e-01,8.304204344749450684e-01,8.401911258697509766e-01,8.505730628967285156e-01,8.505273461341857910e-01,8.505306243896484375e-01,8.505503535270690918e-01,8.505628108978271484e-01,8.606618046760559082e-01,8.561519980430603027e-01,8.534428477287292480e-01,8.520296216011047363e-01,8.629617691040039062e-01,8.509430885314941406e-01,8.507585525512695312e-01,8.506658673286437988e-01,8.512260317802429199e-01,8.509032726287841797e-01,8.507391810417175293e-01,8.506563305854797363e-01,8.506147265434265137e-01,8.505938649177551270e-01,8.505833745002746582e-01,8.505730628967285156e-01,8.505730628967285156e-01,8.505730628967285156e-01,8.505730628967285156e-01,8.505730628967285156e-01,8.505730628967285156e-01,8.442502617835998535e-01,8.475368618965148926e-01,8.490609526634216309e-01,8.587823510169982910e-01,8.502037525177001953e-01,8.503890633583068848e-01,8.504812717437744141e-01,8.531910777091979980e-01,8.519050478935241699e-01,8.512448668479919434e-01,8.509103655815124512e-01,8.507421016693115234e-01,8.506577014923095703e-01,8.506153225898742676e-01,8.505730628967285156e-01,8.505730628967285156e-01,7.491175532341003418e-01,8.505730628967285156e-01,8.505730628967285156e-01,8.031356334686279297e-01,8.057935833930969238e-01,8.134756684303283691e-01,8.394406437873840332e-01,8.448769450187683105e-01,8.477727770805358887e-01,8.631321787834167480e-01,8.498864769935607910e-01,8.495419621467590332e-01,8.503621220588684082e-01,8.703363537788391113e-01,8.508050441741943359e-01,8.506897091865539551e-01,8.506315350532531738e-01,8.031775951385498047e-01
9.739804267883300781e-01,9.236676692962646484e-01,8.981971144676208496e-01,8.946393132209777832e-01,9.739804267883300781e-01,7.860625386238098145e-01,1.000000000000000000e+00,9.793869853019714355e-01,9.702352881431579590e-01,9.315697550773620605e-01,9.763422012329101562e-01,9.771305918693542480e-01,9.760196208953857422e-01,9.147894978523254395e-01,9.638870358467102051e-01,9.710091948509216309e-01,9.728454947471618652e-01,9.603679180145263672e-01,9.679822325706481934e-01,9.710924625396728516e-01,9.739804267883300781e-01,9.752196669578552246e-01,9.746158719062805176e-01,9.743087887763977051e-01,9.741473793983459473e-01,9.740646481513977051e-01,9.740228056907653809e-01,9.740017056465148926e-01,9.739910960197448730e-01,8.973033428192138672e-01,9.738838076591491699e-01,9.739769101142883301e-01,9.739937782287597656e-01,9.719714522361755371e-01,9.834622740745544434e-01,9.794957041740417480e-01,9.770148396492004395e-01,9.557030797004699707e-01,9.685299992561340332e-01,9.713928699493408203e-01,9.739804267883300781e-01,9.766733050346374512e-01,9.753792881965637207e-01,9.746904969215393066e-01,9.743391871452331543e-01,9.741606712341308594e-01,9.740707874298095703e-01,9.740256667137145996e-01,9.740030765533447266e-01,9.756361842155456543e-01,9.739861488342285156e-01,9.739832878112792969e-01,9.739818572998046875e-01,9.882607460021972656e-01,9.763277173042297363e-01,9.752977490425109863e-01,9.747893810272216797e-01,9.706038832664489746e-01,9.727762341499328613e-01,9.734860062599182129e-01,9.739804267883300781e-01,9.655542373657226562e-01,9.718458056449890137e-01,9.729283452033996582e-01,9.734578132629394531e-01,9.738060832023620605e-01,9.738938808441162109e-01,9.739373326301574707e-01,9.739589095115661621e-01,9.493880867958068848e-01,9.739751219749450684e-01,9.739778041839599609e-01,9.739791750907897949e-01,9.810680747032165527e-01,9.690982699394226074e-01,9.717779159545898438e-01,9.729118347167968750e-01,9.842602610588073730e-01,9.811398983001708984e-01,9.780202507972717285e-01,9.739804267883300781e-01,9.717395901679992676e-01,9.728762507438659668e-01,9.734327197074890137e-01,9.737081527709960938e-01,9.620658755302429199e-01,9.683378338813781738e-01,9.712023735046386719e-01,9.726143479347229004e-01,9.504256248474121094e-01,9.736435413360595703e-01,9.738124012947082520e-01,9.738965034484863281e-01,9.727504253387451172e-01,9.733700156211853027e-01,9.736764430999755859e-01,9.738287925720214844e-01,9.739046692848205566e-01,9.739425778388977051e-01,9.739615917205810547e-01,9.739804267883300781e-01,9.739804267883300781e-01,9.739804267883300781e-01,9.739804267883300781e-01,9.739804267883300781e-01,9.739804267883300781e-01,9.810093045234680176e-01,9.777190685272216797e-01,9.759200215339660645e-01,9.515568614006042480e-01,9.744762778282165527e-01,9.742292761802673340e-01,9.741051197052001953e-01,9.714000225067138672e-01,9.727057814598083496e-01,9.733471274375915527e-01,9.736649394035339355e-01,9.738228917121887207e-01,9.739018082618713379e-01,9.739411473274230957e-01,9.739804267883300781e-01,9.739804267883300781e-01,9.505011439323425293e-01,9.739804267883300781e-01,9.739804267883300781e-01,9.623575806617736816e-01,9.615901112556457520e-01,9.688016772270202637e-01,9.746231436729431152e-01,9.746868014335632324e-01,9.744248986244201660e-01,9.764401912689208984e-01,9.741077423095703125e-01,9.745450615882873535e-01,9.740377068519592285e-01,9.231514930725097656e-01,9.738333821296691895e-01,9.739074707031250000e-01,9.739440083503723145e-01,9.586861133575439453e-01
9.909899830818176270e-01,9.018924236297607422e-01,9.072246551513671875e-01,9.471992850303649902e-01,9.909899830818176270e-01,8.117489218711853027e-01,9.793869853019714355e-01,1.000000000000000000e+00,9.960563778877258301e-01,9.206218719482421875e-01,9.815662503242492676e-01,9.874399304389953613e-01,9.897944927215576172e-01,9.395020604133605957e-01,9.785873293876647949e-01,9.864938855171203613e-01,9.891953468322753906e-01,9.826083779335021973e-01,9.878279566764831543e-01,9.895469546318054199e-01,9.909899830818176270e-01,9.912855029106140137e-01,9.911376833915710449e-01,9.910716414451599121e-01,9.910332560539245605e-01,9.910121560096740723e-01,9.910013675689697266e-01,9.909957051277160645e-01,9.909928441047668457e-01,8.402701020240783691e-01,9.907646179199218750e-01,9.909097552299499512e-01,9.909572601318359375e-01,9.600473046302795410e-01,9.867351651191711426e-01,9.900338649749755859e-01,9.908182024955749512e-01,9.815624356269836426e-01,9.887275695800781250e-01,9.899939894676208496e-01,9.909899830818176270e-01,9.915521740913391113e-01,9.913315773010253906e-01,9.911780953407287598e-01,9.910877346992492676e-01,9.910399317741394043e-01,9.910151958465576172e-01,9.910026192665100098e-01,9.909963607788085938e-01,9.815285205841064453e-01,9.909915924072265625e-01,9.909908771514892578e-01,9.909904599189758301e-01,9.886918663978576660e-01,9.926968216896057129e-01,9.920856952667236328e-01,9.916375279426574707e-01,9.893396496772766113e-01,9.907279014587402344e-01,9.909632205963134766e-01,9.909899830818176270e-01,9.899542927742004395e-01,9.907851815223693848e-01,9.909050464630126953e-01,9.909520745277404785e-01,9.909369349479675293e-01,9.909641146659851074e-01,9.909771084785461426e-01,9.909836649894714355e-01,9.832485318183898926e-01,9.909884333610534668e-01,9.909892678260803223e-01,9.909896850585937500e-01,9.880967140197753906e-01,9.908337593078613281e-01,9.912411570549011230e-01,9.911921024322509766e-01,9.908084273338317871e-01,9.923035502433776855e-01,9.921128153800964355e-01,9.909899830818176270e-01,9.910053610801696777e-01,9.910256266593933105e-01,9.910160899162292480e-01,9.910048842430114746e-01,9.877241253852844238e-01,9.896616935729980469e-01,9.903786778450012207e-01,9.907113909721374512e-01,9.843698143959045410e-01,9.909257888793945312e-01,9.909583926200866699e-01,9.909743666648864746e-01,9.908711314201354980e-01,9.909362792968750000e-01,9.909645915031433105e-01,9.909777045249938965e-01,9.909839630126953125e-01,9.909870624542236328e-01,9.909885525703430176e-01,9.909899830818176270e-01,9.909899830818176270e-01,9.909899830818176270e-01,9.909899830818176270e-01,9.909899830818176270e-01,9.909899830818176270e-01,9.911423325538635254e-01,9.912970662117004395e-01,9.911941885948181152e-01,9.793164134025573730e-01,9.910532832145690918e-01,9.910227656364440918e-01,9.910066723823547363e-01,9.905819892883300781e-01,9.908070564270019531e-01,9.909038543701171875e-01,9.909483790397644043e-01,9.909694790840148926e-01,9.909798502922058105e-01,9.909849762916564941e-01,9.909899830818176270e-01,9.909899830818176270e-01,9.595124125480651855e-01,9.909899830818176270e-01,9.909899830818176270e-01,9.799593091011047363e-01,9.808497428894042969e-01,9.887596964836120605e-01,9.922394156455993652e-01,9.919869899749755859e-01,9.915814399719238281e-01,9.772017598152160645e-01,9.911547303199768066e-01,9.911038279533386230e-01,9.910318255424499512e-01,9.263386130332946777e-01,9.908905029296875000e-01,9.909407496452331543e-01,9.909655451774597168e-01,9.382533431053161621e-01
9.959197044372558594e-01,9.006876945495605469e-01,9.168930649757385254e-01,9.597603678703308105e-01,9.959197044372558594e-01,8.243350982666015625e-01,9.702352881431579590e-01,9.960563778877258301e-01,1.000000000000000000e+00,9.164347648620605469e-01,9.828265309333801270e-01,9.901497364044189453e-01,9.936378002166748047e-01,9.524011611938476562e-01,9.843060374259948730e-01,9.915552139282226562e-01,9.941992759704589844e-01,9.902924895286560059e-01,9.942719340324401855e-01,9.953042864799499512e-01,9.959197044372558594e-01,9.960060715675354004e-01,9.959915280342102051e-01,9.959638118743896484e-01,9.959440231323242188e-01,9.959325194358825684e-01,9.959262013435363770e-01,9.959229826927185059e-01,9.959213733673095703e-01,8.310053944587707520e-01,9.954703450202941895e-01,9.957587122917175293e-01,9.958531856536865234e-01,9.580364227294921875e-01,9.871670603752136230e-01,9.927962422370910645e-01,9.946672916412353516e-01,9.889013171195983887e-01,9.947278499603271484e-01,9.955509305000305176e-01,9.959197044372558594e-01,9.957507252693176270e-01,9.958950877189636230e-01,9.959237575531005859e-01,9.959252476692199707e-01,9.959233403205871582e-01,9.959217905998229980e-01,9.959207177162170410e-01,9.959202408790588379e-01,9.813960194587707520e-01,9.959198832511901855e-01,9.959198832511901855e-01,9.959197044372558594e-01,9.869258999824523926e-01,9.970555305480957031e-01,9.967856407165527344e-01,9.964451789855957031e-01,9.952459931373596191e-01,9.961993098258972168e-01,9.961764216423034668e-01,9.959197044372558594e-01,9.968180060386657715e-01,9.963205456733703613e-01,9.961391091346740723e-01,9.960343241691589355e-01,9.959352612495422363e-01,9.959279894828796387e-01,9.959238171577453613e-01,9.959218502044677734e-01,9.929178357124328613e-01,9.959202408790588379e-01,9.959200024604797363e-01,9.959197640419006348e-01,9.877576828002929688e-01,9.963724017143249512e-01,9.964805245399475098e-01,9.962868690490722656e-01,9.919036030769348145e-01,9.950604438781738281e-01,9.959769248962402344e-01,9.959197044372558594e-01,9.965591430664062500e-01,9.962709546089172363e-01,9.961037635803222656e-01,9.960135817527770996e-01,9.953379631042480469e-01,9.959733486175537109e-01,9.960387349128723145e-01,9.960084557533264160e-01,9.939288496971130371e-01,9.959474205970764160e-01,9.959340691566467285e-01,9.959270954132080078e-01,9.961528182029724121e-01,9.960421919822692871e-01,9.959824681282043457e-01,9.959514141082763672e-01,9.959356784820556641e-01,9.959277510643005371e-01,9.959236979484558105e-01,9.959197044372558594e-01,9.959197044372558594e-01,9.959197044372558594e-01,9.959197044372558594e-01,9.959197044372558594e-01,9.959197044372558594e-01,9.938559532165527344e-01,9.951250553131103516e-01,9.955765604972839355e-01,9.869430661201477051e-01,9.958462715148925781e-01,9.958839416503906250e-01,9.959021210670471191e-01,9.961726665496826172e-01,9.960687160491943359e-01,9.959999918937683105e-01,9.959611892700195312e-01,9.959408640861511230e-01,9.959303736686706543e-01,9.959250092506408691e-01,9.959197044372558594e-01,9.959197044372558594e-01,9.518414139747619629e-01,9.959197044372558594e-01,9.959197044372558594e-01,9.814446568489074707e-01,9.828889966011047363e-01,9.929608702659606934e-01,9.964205622673034668e-01,9.965872168540954590e-01,9.963479042053222656e-01,9.785664081573486328e-01,9.960438609123229980e-01,9.959675669670104980e-01,9.959509968757629395e-01,9.308931231498718262e-01,9.958677291870117188e-01,9.958941936492919922e-01,9.959070682525634766e-01,9.383537769317626953e-01
9.205904006958007812e-01,8.499019742012023926e-01,8.954839706420898438e-01,8.445167541503906250e-01,9.205904006958007812e-01,7.354614138603210449e-01,9.315697550773620605e-01,9.206218719482421875e-01,9.164347648620605469e-01,1.000000000000000000e+00,9.411461949348449707e-01,9.317874908447265625e-01,9.266178607940673828e-01,8.551833033561706543e-01,9.068112969398498535e-01,9.157340526580810547e-01,9.188897013664245605e-01,9.031919836997985840e-01,9.123240113258361816e-01,9.166247844696044922e-01,9.205904006958007812e-01,9.226174354553222656e-01,9.216744303703308105e-01,9.211471080780029297e-01,9.208717346191406250e-01,9.207318425178527832e-01,9.206612706184387207e-01,9.206259250640869141e-01,9.206082224845886230e-01,8.350718617439270020e-01,9.201261997222900391e-01,9.204775691032409668e-01,9.205600619316101074e-01,9.057380557060241699e-01,9.276037812232971191e-01,9.246211051940917969e-01,9.228760600090026855e-01,8.974246382713317871e-01,9.129331707954406738e-01,9.170265197753906250e-01,9.205904006958007812e-01,9.224581122398376465e-01,9.215767979621887207e-01,9.210908412933349609e-01,9.208442568778991699e-01,9.207181930541992188e-01,9.206545948982238770e-01,9.206225275993347168e-01,9.206064343452453613e-01,9.159590601921081543e-01,9.205944538116455078e-01,9.205923676490783691e-01,9.205913543701171875e-01,9.361681342124938965e-01,9.235854744911193848e-01,9.215275645256042480e-01,9.210807681083679199e-01,9.092783927917480469e-01,9.157064557075500488e-01,9.182920455932617188e-01,9.205904006958007812e-01,9.115812182426452637e-01,9.185333251953125000e-01,9.195773005485534668e-01,9.200875163078308105e-01,9.204099774360656738e-01,9.205007553100585938e-01,9.205458164215087891e-01,9.205680489540100098e-01,8.944733738899230957e-01,9.205848574638366699e-01,9.205875992774963379e-01,9.205889701843261719e-01,9.304482936859130859e-01,9.152304530143737793e-01,9.184722900390625000e-01,9.196731448173522949e-01,9.273622035980224609e-01,9.255018234252929688e-01,9.230120778083801270e-01,9.205904006958007812e-01,9.181676506996154785e-01,9.193904399871826172e-01,9.199924468994140625e-01,9.202928543090820312e-01,9.112668037414550781e-01,9.162940382957458496e-01,9.185332655906677246e-01,9.195817112922668457e-01,8.965454101562500000e-01,9.203427433967590332e-01,9.204668998718261719e-01,9.205288290977478027e-01,9.196755290031433105e-01,9.201384186744689941e-01,9.203657507896423340e-01,9.204784035682678223e-01,9.205344319343566895e-01,9.205625057220458984e-01,9.205763936042785645e-01,9.205904006958007812e-01,9.205904006958007812e-01,9.205904006958007812e-01,9.205904006958007812e-01,9.205904006958007812e-01,9.205904006958007812e-01,9.262361526489257812e-01,9.237764477729797363e-01,9.222709536552429199e-01,9.077427387237548828e-01,9.210219383239746094e-01,9.208071827888488770e-01,9.206989407539367676e-01,9.182747006416320801e-01,9.194501042366027832e-01,9.200246930122375488e-01,9.203087687492370605e-01,9.204497933387756348e-01,9.205201268196105957e-01,9.205552935600280762e-01,9.205904006958007812e-01,9.205904006958007812e-01,9.322686195373535156e-01,9.205904006958007812e-01,9.205904006958007812e-01,9.237320423126220703e-01,9.283555150032043457e-01,9.316134452819824219e-01,9.262986183166503906e-01,9.236350059509277344e-01,9.221895337104797363e-01,9.127326011657714844e-01,9.210054278373718262e-01,9.211378693580627441e-01,9.207028746604919434e-01,8.430964350700378418e-01,9.204568862915039062e-01,9.205239415168762207e-01,9.205572605133056641e-01,8.835347294807434082e-01
9.921473860740661621e-01,9.129610657691955566e-01,9.373793601989746094e-01,9.219875335693359375e-01,9.921473860740661621e-01,8.584620356559753418e-01,9.763422012329101562e-01,9.815662503242492676e-01,9.828265309333801270e-01,9.411461949348449707e-01,1.000000000000000000e+00,9.983820915222167969e-01,9.959148764610290527e-01,9.589271545410156250e-01,9.903736114501953125e-01,9.932783246040344238e-01,9.932369589805603027e-01,9.856753945350646973e-01,9.898594021797180176e-01,9.912170767784118652e-01,9.921473860740661621e-01,9.921891093254089355e-01,9.922144412994384766e-01,9.921918511390686035e-01,9.921720623970031738e-01,9.921603202819824219e-01,9.921539425849914551e-01,9.921507239341735840e-01,9.921490550041198730e-01,8.356275558471679688e-01,9.914653897285461426e-01,9.918885231018066406e-01,9.920343756675720215e-01,9.613432884216308594e-01,9.931821823120117188e-01,9.935973286628723145e-01,9.931796193122863770e-01,9.802930355072021484e-01,9.891131520271301270e-01,9.908817410469055176e-01,9.921473860740661621e-01,9.922590255737304688e-01,9.922595024108886719e-01,9.922143816947937012e-01,9.921844601631164551e-01,9.921668171882629395e-01,9.921573996543884277e-01,9.921524524688720703e-01,9.921500086784362793e-01,9.658570289611816406e-01,9.921479821205139160e-01,9.921477437019348145e-01,9.921474456787109375e-01,9.846234321594238281e-01,9.909153580665588379e-01,9.913471341133117676e-01,9.918109774589538574e-01,9.852208495140075684e-01,9.893589019775390625e-01,9.908907413482666016e-01,9.921473860740661621e-01,9.868147969245910645e-01,9.910659193992614746e-01,9.916229248046875000e-01,9.918892979621887207e-01,9.920528531074523926e-01,9.921005368232727051e-01,9.921240806579589844e-01,9.921357035636901855e-01,9.767363667488098145e-01,9.921444058418273926e-01,9.921459555625915527e-01,9.921466708183288574e-01,9.788306355476379395e-01,9.878025650978088379e-01,9.905005097389221191e-01,9.914377331733703613e-01,9.861876964569091797e-01,9.906179904937744141e-01,9.916138648986816406e-01,9.921473860740661621e-01,9.906970858573913574e-01,9.914447665214538574e-01,9.918010234832763672e-01,9.919759631156921387e-01,9.880936145782470703e-01,9.905851483345031738e-01,9.914736747741699219e-01,9.918392300605773926e-01,9.779005050659179688e-01,9.920759797096252441e-01,9.921121597290039062e-01,9.921298623085021973e-01,9.916658401489257812e-01,9.919118881225585938e-01,9.920310378074645996e-01,9.920895099639892578e-01,9.921185970306396484e-01,9.921329617500305176e-01,9.921401143074035645e-01,9.921473860740661621e-01,9.921473860740661621e-01,9.921473860740661621e-01,9.921473860740661621e-01,9.921473860740661621e-01,9.921473860740661621e-01,9.940029978752136230e-01,9.933454394340515137e-01,9.928024411201477051e-01,9.851148724555969238e-01,9.923231005668640137e-01,9.922363162040710449e-01,9.921920299530029297e-01,9.911746382713317871e-01,9.916820526123046875e-01,9.919200539588928223e-01,9.920350909233093262e-01,9.920915961265563965e-01,9.921195507049560547e-01,9.921334385871887207e-01,9.921473860740661621e-01,9.921473860740661621e-01,9.507746696472167969e-01,9.921473860740661621e-01,9.921473860740661621e-01,9.740538597106933594e-01,9.768772721290588379e-01,9.846856594085693359e-01,9.920476078987121582e-01,9.923982620239257812e-01,9.923684597015380859e-01,9.911532402038574219e-01,9.922211766242980957e-01,9.922361969947814941e-01,9.921658635139465332e-01,9.450123310089111328e-01,9.921714663505554199e-01,9.921599030494689941e-01,9.921538233757019043e-01,9.517111778259277344e-01
