1.000000000000000000e+00,9.616963267326354980e-01,9.896014332771301270e-01,9.974710941314697266e-01,9.993693232536315918e-01,9.998419880867004395e-01,9.999596476554870605e-01,9.999899268150329590e-01,9.999974370002746582e-01,9.999993443489074707e-01,9.999998211860656738e-01,9.999999403953552246e-01,1.000000000000000000e+00,1.000000000000000000e+00,1.000000000000000000e+00,1.000000000000000000e+00,1.000000000000000000e+00,1.000000000000000000e+00,1.000000000000000000e+00,1.000000000000000000e+00,1.000000000000000000e+00,9.921603798866271973e-01,9.978542923927307129e-01,9.994137287139892578e-01,9.998475909233093262e-01,9.999613761901855469e-01,9.999904036521911621e-01,9.999975562095642090e-01,9.999993443489074707e-01,9.999998211860656738e-01,1.000000000000000000e+00,1.000000000000000000e+00,1.000000000000000000e+00,1.000000000000000000e+00,1.000000000000000000e+00,1.000000000000000000e+00,1.000000000000000000e+00,9.999999403953552246e-01,1.000000000000000000e+00,1.000000000000000000e+00,1.000000000000000000e+00,9.649055600166320801e-01,9.915680885314941406e-01,9.979642033576965332e-01,9.995007514953613281e-01,9.996591210365295410e-01,9.999153017997741699e-01,9.999788403511047363e-01,9.999946951866149902e-01,9.999986290931701660e-01,9.999997019767761230e-01,9.999999403953552246e-01,1.000000000000000000e+00,1.000000000000000000e+00,9.999999403953552246e-01,1.000000000000000000e+00,9.999998211860656738e-01,1.000000000000000000e+00,1.000000000000000000e+00,9.999999403953552246e-01,1.000000000000000000e+00,9.873511791229248047e-01,9.964050650596618652e-01,9.990310072898864746e-01,9.997622966766357422e-01,9.993937611579895020e-01,9.998221993446350098e-01,9.999558329582214355e-01,9.999892115592956543e-01,9.999971985816955566e-01,9.999993443489074707e-01,9.999997615814208984e-01,1.000000000000000000e+00,9.999999403953552246e-01,1.000000000000000000e+00,1.000000000000000000e+00,1.000000000000000000e+00,1.000000000000000000e+00,1.000000000000000000e+00,9.999999403953552246e-01,1.000000000000000000e+00,9.942830204963684082e-01,9.984074234962463379e-01,9.996140003204345703e-01,9.999075531959533691e-01,9.997196793556213379e-01,9.999313950538635254e-01,9.999830126762390137e-01,9.999957680702209473e-01,9.999988675117492676e-01,9.999997019767761230e-01,9.999998211860656738e-01,1.000000000000000000e+00,1.000000000000000000e+00,1.000000000000000000e+00,1.000000000000000000e+00,1.000000000000000000e+00,1.000000000000000000e+00,1.000000000000000000e+00,9.999999403953552246e-01,1.000000000000000000e+00,9.605080485343933105e-01,9.908675551414489746e-01,9.978893399238586426e-01,9.994959831237792969e-01,7.602540850639343262e-01,8.594816327095031738e-01,9.545108675956726074e-01,9.900379180908203125e-01,9.977869391441345215e-01,9.994556903839111328e-01,9.998574256896972656e-01,9.999629855155944824e-01,9.999906420707702637e-01,9.999976158142089844e-01,9.999994635581970215e-01,9.999998211860656738e-01,9.999999403953552246e-01,1.000000000000000000e+00,1.000000119209289551e+00,1.000000000000000000e+00,1.000000000000000000e+00,1.000000000000000000e+00,1.000000000000000000e+00,1.000000000000000000e+00,9.273533821105957031e-01,8.567800521850585938e-01,9.666396975517272949e-01,9.923779964447021484e-01,9.978874325752258301e-01,9.994266629219055176e-01,9.998588562011718750e-01,9.999635815620422363e-01,9.999908804893493652e-01,9.999977946281433105e-01,9.999993443489074707e-01,9.999998211860656738e-01,1.000000000000000000e+00,1.000000000000000000e+00,9.999999403953552246e-01
9.616963267326354980e-01,1.000000000000000000e+00,9.903180599212646484e-01,9.781230092048645020e-01,9.704182147979736328e-01,9.661690592765808105e-01,9.639549255371093750e-01,9.628316760063171387e-01,9.622655510902404785e-01,9.619813561439514160e-01,9.618389606475830078e-01,9.617676734924316406e-01,9.617320895195007324e-01,9.617140889167785645e-01,9.617053866386413574e-01,9.617007374763488770e-01,9.616985321044921875e-01,9.616973996162414551e-01,9.616968631744384766e-01,9.616966247558593750e-01,9.616963267326354980e-01,9.639471173286437988e-01,9.649737477302551270e-01,9.643096327781677246e-01,9.632003903388977051e-01,9.624676704406738281e-01,9.620911478996276855e-01,9.618960022926330566e-01,9.617967605590820312e-01,9.617466926574707031e-01,9.617216587066650391e-01,9.617090225219726562e-01,9.617026448249816895e-01,9.616995453834533691e-01,9.616979956626892090e-01,9.616971611976623535e-01,9.616968035697937012e-01,9.616965651512145996e-01,9.616964459419250488e-01,9.616963863372802734e-01,9.616963267326354980e-01,9.477302432060241699e-01,9.672191739082336426e-01,9.669809341430664062e-01,9.649081230163574219e-01,9.628226161003112793e-01,9.623375535011291504e-01,9.620361924171447754e-01,9.618709683418273926e-01,9.617848396301269531e-01,9.617409110069274902e-01,9.617187380790710449e-01,9.617075920104980469e-01,9.617020487785339355e-01,9.616991877555847168e-01,9.616977572441101074e-01,9.616971015930175781e-01,9.616968035697937012e-01,9.616965651512145996e-01,9.616965651512145996e-01,9.616963267326354980e-01,9.451976418495178223e-01,9.569419026374816895e-01,9.603207111358642578e-01,9.612526893615722656e-01,9.593363404273986816e-01,9.609614014625549316e-01,9.614074826240539551e-01,9.615814089775085449e-01,9.616413116455078125e-01,9.616694450378417969e-01,9.616830945014953613e-01,9.616897106170654297e-01,9.616930484771728516e-01,9.616947770118713379e-01,9.616956114768981934e-01,9.616959691047668457e-01,9.616961479187011719e-01,9.616963267326354980e-01,9.616963863372802734e-01,9.616963267326354980e-01,9.639382958412170410e-01,9.653226733207702637e-01,9.641733765602111816e-01,9.630935192108154297e-01,9.602978825569152832e-01,9.610628485679626465e-01,9.613954424858093262e-01,9.615507125854492188e-01,9.616248011589050293e-01,9.616608619689941406e-01,9.616786837577819824e-01,9.616875648498535156e-01,9.616920351982116699e-01,9.616940617561340332e-01,9.616952538490295410e-01,9.616958498954772949e-01,9.616961479187011719e-01,9.616963267326354980e-01,9.616963267326354980e-01,9.616963267326354980e-01,9.652998447418212891e-01,9.736032485961914062e-01,9.694859981536865234e-01,9.659450650215148926e-01,7.454485297203063965e-01,8.351065516471862793e-01,9.177516102790832520e-01,9.539978504180908203e-01,9.621191024780273438e-01,9.631595015525817871e-01,9.625406265258789062e-01,9.621449112892150879e-01,9.619293212890625000e-01,9.618150591850280762e-01,9.617561697959899902e-01,9.617264270782470703e-01,9.617114067077636719e-01,9.617039561271667480e-01,9.617002010345458984e-01,9.616963267326354980e-01,9.616963267326354980e-01,9.616963267326354980e-01,9.616963267326354980e-01,9.616963267326354980e-01,9.268178939819335938e-01,8.464853167533874512e-01,9.510365128517150879e-01,9.658672213554382324e-01,9.666071534156799316e-01,9.650074839591979980e-01,9.634306430816650391e-01,9.625784754753112793e-01,9.621452689170837402e-01,9.619228243827819824e-01,9.618100523948669434e-01,9.617533683776855469e-01,9.617248177528381348e-01,9.617106318473815918e-01,9.617035388946533203e-01
9.896014332771301270e-01,9.903180599212646484e-01,1.000000000000000000e+00,9.972476959228515625e-01,9.940059781074523926e-01,9.919460415840148926e-01,9.908105731010437012e-01,9.902140498161315918e-01,9.899097084999084473e-01,9.897561073303222656e-01,9.896788597106933594e-01,9.896402359008789062e-01,9.896207451820373535e-01,9.896111488342285156e-01,9.896063208580017090e-01,9.896039366722106934e-01,9.896027445793151855e-01,9.896020889282226562e-01,9.896017909049987793e-01,9.896016120910644531e-01,9.896014332771301270e-01,9.871334433555603027e-01,9.903652071952819824e-01,9.907314777374267578e-01,9.903462529182434082e-01,9.900085330009460449e-01,9.898144602775573730e-01,9.897103905677795410e-01,9.896564483642578125e-01,9.896290898323059082e-01,9.896152615547180176e-01,9.896084666252136230e-01,9.896049499511718750e-01,9.896032214164733887e-01,9.896023273468017578e-01,9.896020293235778809e-01,9.896016716957092285e-01,9.896016120910644531e-01,9.896015524864196777e-01,9.896015524864196777e-01,9.896014332771301270e-01,9.615367054939270020e-01,9.866983294486999512e-01,9.905598163604736328e-01,9.906380176544189453e-01,9.898402094841003418e-01,9.898039698600769043e-01,9.897232651710510254e-01,9.896675944328308105e-01,9.896357655525207520e-01,9.896189570426940918e-01,9.896103739738464355e-01,9.896059036254882812e-01,9.896036982536315918e-01,9.896025657653808594e-01,9.896020293235778809e-01,9.896016716957092285e-01,9.896016120910644531e-01,9.896015524864196777e-01,9.896014332771301270e-01,9.896014332771301270e-01,9.732581973075866699e-01,9.845588207244873047e-01,9.880032539367675781e-01,9.890473484992980957e-01,9.879178404808044434e-01,9.890289306640625000e-01,9.893761277198791504e-01,9.895097613334655762e-01,9.895581603050231934e-01,9.895804524421691895e-01,9.895910620689392090e-01,9.895964264869689941e-01,9.895989298820495605e-01,9.896001815795898438e-01,9.896007180213928223e-01,9.896011352539062500e-01,9.896013140678405762e-01,9.896014332771301270e-01,9.896014332771301270e-01,9.896014332771301270e-01,9.875738024711608887e-01,9.905483722686767578e-01,9.906439185142517090e-01,9.902629256248474121e-01,9.883791804313659668e-01,9.890664219856262207e-01,9.893528819084167480e-01,9.894818663597106934e-01,9.895427823066711426e-01,9.895724654197692871e-01,9.895870089530944824e-01,9.895942211151123047e-01,9.895979762077331543e-01,9.895997047424316406e-01,9.896005988121032715e-01,9.896010756492614746e-01,9.896011948585510254e-01,9.896013140678405762e-01,9.896013736724853516e-01,9.896014332771301270e-01,9.723232388496398926e-01,9.917979836463928223e-01,9.929198622703552246e-01,9.917339682579040527e-01,7.500908374786376953e-01,8.517045378684997559e-01,9.421548843383789062e-01,9.797138571739196777e-01,9.883646965026855469e-01,9.899441599845886230e-01,9.899013638496398926e-01,9.897844195365905762e-01,9.897020459175109863e-01,9.896538853645324707e-01,9.896283149719238281e-01,9.896149635314941406e-01,9.896082282066345215e-01,9.896049499511718750e-01,9.896032214164733887e-01,9.896014332771301270e-01,9.896014332771301270e-01,9.896014332771301270e-01,9.896014332771301270e-01,9.896014332771301270e-01,9.328040480613708496e-01,8.534765243530273438e-01,9.661038517951965332e-01,9.877968430519104004e-01,9.910368919372558594e-01,9.910145401954650879e-01,9.904267191886901855e-01,9.900436997413635254e-01,9.898311495780944824e-01,9.897184371948242188e-01,9.896604418754577637e-01,9.896311163902282715e-01,9.896163940429687500e-01,9.896089434623718262e-01,9.896051287651062012e-01
9.974710941314697266e-01,9.781230092048645020e-01,9.972476959228515625e-01,1.000000000000000000e+00,9.993597865104675293e-01,9.985668659210205078e-01,9.980567097663879395e-01,9.977731108665466309e-01,9.976245760917663574e-01,9.975484013557434082e-01,9.975099563598632812e-01,9.974906444549560547e-01,9.974809288978576660e-01,9.974760413169860840e-01,9.974735379219055176e-01,9.974724650382995605e-01,9.974718093872070312e-01,9.974715113639831543e-01,9.974713325500488281e-01,9.974713325500488281e-01,9.974710941314697266e-01,9.924481511116027832e-01,9.968762397766113281e-01,9.978054165840148926e-01,9.978005290031433105e-01,9.976721405982971191e-01,9.975811839103698730e-01,9.975285530090332031e-01,9.975005984306335449e-01,9.974860548973083496e-01,9.974785447120666504e-01,9.974749684333801270e-01,9.974730014801025391e-01,9.974722862243652344e-01,9.974717497825622559e-01,9.974715113639831543e-01,9.974713921546936035e-01,9.974713325500488281e-01,9.974711537361145020e-01,9.974711537361145020e-01,9.974710941314697266e-01,9.655599594116210938e-01,9.916651248931884766e-01,9.968665242195129395e-01,9.977077841758728027e-01,9.973418116569519043e-01,9.974913001060485840e-01,9.975022673606872559e-01,9.974918961524963379e-01,9.974828362464904785e-01,9.974773526191711426e-01,9.974743723869323730e-01,9.974727630615234375e-01,9.974720478057861328e-01,9.974715709686279297e-01,9.974713921546936035e-01,9.974713325500488281e-01,9.974711537361145020e-01,9.974711537361145020e-01,9.974711537361145020e-01,9.974710941314697266e-01,9.825825691223144531e-01,9.929416775703430176e-01,9.960815310478210449e-01,9.970235228538513184e-01,9.962500929832458496e-01,9.970550537109375000e-01,9.973176121711730957e-01,9.974114298820495605e-01,9.974439740180969238e-01,9.974582195281982422e-01,9.974648952484130859e-01,9.974680542945861816e-01,9.974697232246398926e-01,9.974704384803771973e-01,9.974707961082458496e-01,9.974710345268249512e-01,9.974710941314697266e-01,9.974711537361145020e-01,9.974711537361145020e-01,9.974710941314697266e-01,9.935454726219177246e-01,9.971159100532531738e-01,9.977828860282897949e-01,9.977467656135559082e-01,9.966916441917419434e-01,9.971551895141601562e-01,9.973313212394714355e-01,9.974057674407958984e-01,9.974396228790283203e-01,9.974555969238281250e-01,9.974635243415832520e-01,9.974673390388488770e-01,9.974692463874816895e-01,9.974702000617980957e-01,9.974707961082458496e-01,9.974710345268249512e-01,9.974710345268249512e-01,9.974711537361145020e-01,9.974711537361145020e-01,9.974710941314697266e-01,9.683444499969482422e-01,9.936723709106445312e-01,9.979376792907714844e-01,9.982265830039978027e-01,7.564582824707031250e-01,8.576211333274841309e-01,9.506719708442687988e-01,9.873905777931213379e-01,9.956753849983215332e-01,9.973484873771667480e-01,9.975388646125793457e-01,9.975385069847106934e-01,9.975140094757080078e-01,9.974949359893798828e-01,9.974836707115173340e-01,9.974775314331054688e-01,9.974743723869323730e-01,9.974728226661682129e-01,9.974719882011413574e-01,9.974710941314697266e-01,9.974710941314697266e-01,9.974710941314697266e-01,9.974710941314697266e-01,9.974710941314697266e-01,9.330400824546813965e-01,8.580306172370910645e-01,9.689559936523437500e-01,9.928123354911804199e-01,9.972231984138488770e-01,9.979553818702697754e-01,9.978458881378173828e-01,9.976901412010192871e-01,9.975895881652832031e-01,9.975325465202331543e-01,9.975023865699768066e-01,9.974868893623352051e-01,9.974792003631591797e-01,9.974751472473144531e-01,9.974732398986816406e-01
9.993693232536315918e-01,9.704182147979736328e-01,9.940059781074523926e-01,9.993597865104675293e-01,1.000000000000000000e+00,9.998409152030944824e-01,9.996441006660461426e-01,9.995163083076477051e-01,9.994451999664306641e-01,9.994078278541564941e-01,9.993886947631835938e-01,9.993789792060852051e-01,9.993742108345031738e-01,9.993717074394226074e-01,9.993705153465270996e-01,9.993699193000793457e-01,9.993696212768554688e-01,9.993693828582763672e-01,9.993693828582763672e-01,9.993693232536315918e-01,9.993693232536315918e-01,9.929575920104980469e-01,9.980183243751525879e-01,9.992591738700866699e-01,9.994679093360900879e-01,9.994561672210693359e-01,9.994223713874816895e-01,9.993982315063476562e-01,9.993844032287597656e-01,9.993769526481628418e-01,9.993731379508972168e-01,9.993712306022644043e-01,9.993703365325927734e-01,9.993698000907897949e-01,9.993695616722106934e-01,9.993693232536315918e-01,9.993693828582763672e-01,9.993693232536315918e-01,9.993693232536315918e-01,9.993693232536315918e-01,9.993693232536315918e-01,9.656775593757629395e-01,9.921600222587585449e-01,9.980064034461975098e-01,9.992174506187438965e-01,9.990996718406677246e-01,9.993198513984680176e-01,9.993656277656555176e-01,9.993726611137390137e-01,9.993722438812255859e-01,9.993712306022644043e-01,9.993701577186584473e-01,9.993696808815002441e-01,9.993695616722106934e-01,9.993693828582763672e-01,9.993693232536315918e-01,9.993692040443420410e-01,9.993693232536315918e-01,9.993693232536315918e-01,9.993693232536315918e-01,9.993693232536315918e-01,9.854205250740051270e-01,9.952120184898376465e-01,9.981407523155212402e-01,9.990023970603942871e-01,9.984273910522460938e-01,9.990565776824951172e-01,9.992628097534179688e-01,9.993303418159484863e-01,9.993524551391601562e-01,9.993615746498107910e-01,9.993656277656555176e-01,9.993675351142883301e-01,9.993683695793151855e-01,9.993688464164733887e-01,9.993689656257629395e-01,9.993692040443420410e-01,9.993693232536315918e-01,9.993692040443420410e-01,9.993693232536315918e-01,9.993693232536315918e-01,9.944729804992675781e-01,9.983572959899902344e-01,9.993150830268859863e-01,9.994528889656066895e-01,9.988276958465576172e-01,9.991715550422668457e-01,9.992883801460266113e-01,9.993332028388977051e-01,9.993523955345153809e-01,9.993610382080078125e-01,9.993652701377868652e-01,9.993672966957092285e-01,9.993682503700256348e-01,9.993688464164733887e-01,9.993689656257629395e-01,9.993692040443420410e-01,9.993692040443420410e-01,9.993692040443420410e-01,9.993693232536315918e-01,9.993693232536315918e-01,9.647656083106994629e-01,9.927706718444824219e-01,9.984877109527587891e-01,9.994676709175109863e-01,7.585075497627258301e-01,8.593065142631530762e-01,9.532928466796875000e-01,9.893776774406433105e-01,9.973799586296081543e-01,9.990469813346862793e-01,9.993379712104797363e-01,9.993875622749328613e-01,9.993877410888671875e-01,9.993807673454284668e-01,9.993756413459777832e-01,9.993726611137390137e-01,9.993709921836853027e-01,9.993700981140136719e-01,9.993696212768554688e-01,9.993693232536315918e-01,9.993693232536315918e-01,9.993693232536315918e-01,9.993693232536315918e-01,9.993693232536315918e-01,9.309179186820983887e-01,8.580411076545715332e-01,9.683804512023925781e-01,9.932341575622558594e-01,9.982089400291442871e-01,9.993422627449035645e-01,9.994960427284240723e-01,9.994659423828125000e-01,9.994266629219055176e-01,9.994001984596252441e-01,9.993851780891418457e-01,9.993774890899658203e-01,9.993733763694763184e-01,9.993713498115539551e-01,9.993703365325927734e-01
9.998419880867004395e-01,9.661690592765808105e-01,9.919460415840148926e-01,9.985668659210205078e-01,9.998409152030944824e-01,1.000000000000000000e+00,9.999606609344482422e-01,9.999113082885742188e-01,9.998791813850402832e-01,9.998612999916076660e-01,9.998518824577331543e-01,9.998469948768615723e-01,9.998445510864257812e-01,9.998432993888854980e-01,9.998427033424377441e-01,9.998423457145690918e-01,9.998422265052795410e-01,9.998421669006347656e-01,9.998421669006347656e-01,9.998419880867004395e-01,9.998419880867004395e-01,9.927079081535339355e-01,9.980911612510681152e-01,9.994933009147644043e-01,9.998151659965515137e-01,9.998669028282165527e-01,9.998641014099121094e-01,9.998555779457092285e-01,9.998494982719421387e-01,9.998459219932556152e-01,9.998440742492675781e-01,9.998430609703063965e-01,9.998425841331481934e-01,9.998423457145690918e-01,9.998421669006347656e-01,9.998422265052795410e-01,9.998421669006347656e-01,9.998421072959899902e-01,9.998421072959899902e-01,9.998421072959899902e-01,9.998419880867004395e-01,9.653014540672302246e-01,9.919459819793701172e-01,9.981067776679992676e-01,9.994991421699523926e-01,9.995205998420715332e-01,9.997670054435729980e-01,9.998257756233215332e-01,9.998391270637512207e-01,9.998419880867004395e-01,9.998423457145690918e-01,9.998423457145690918e-01,9.998422265052795410e-01,9.998421669006347656e-01,9.998421669006347656e-01,9.998421669006347656e-01,9.998421669006347656e-01,9.998421669006347656e-01,9.998421072959899902e-01,9.998421072959899902e-01,9.998419880867004395e-01,9.864602088928222656e-01,9.959235191345214844e-01,9.987208247184753418e-01,9.995287060737609863e-01,9.990573525428771973e-01,9.995900988578796387e-01,9.997632503509521484e-01,9.998154640197753906e-01,9.998314380645751953e-01,9.998373985290527344e-01,9.998400211334228516e-01,9.998410344123840332e-01,9.998416304588317871e-01,9.998418688774108887e-01,9.998419284820556641e-01,9.998419880867004395e-01,9.998421072959899902e-01,9.998421669006347656e-01,9.998421072959899902e-01,9.998419880867004395e-01,9.944767951965332031e-01,9.985112547874450684e-01,9.996097683906555176e-01,9.998323321342468262e-01,9.994199872016906738e-01,9.997040629386901855e-01,9.997909069061279297e-01,9.998208880424499512e-01,9.998325705528259277e-01,9.998376369476318359e-01,9.998399615287780762e-01,9.998410344123840332e-01,9.998416304588317871e-01,9.998418688774108887e-01,9.998419880867004395e-01,9.998419880867004395e-01,9.998419880867004395e-01,9.998421669006347656e-01,9.998421072959899902e-01,9.998419880867004395e-01,9.626547694206237793e-01,9.919157624244689941e-01,9.983180165290832520e-01,9.996263384819030762e-01,7.593154311180114746e-01,8.597705364227294922e-01,9.541778564453125000e-01,9.899212718009948730e-01,9.977683424949645996e-01,9.994227290153503418e-01,9.997627139091491699e-01,9.998368620872497559e-01,9.998486638069152832e-01,9.998476505279541016e-01,9.998454451560974121e-01,9.998438954353332520e-01,9.998430609703063965e-01,9.998426437377929688e-01,9.998424053192138672e-01,9.998419880867004395e-01,9.998419880867004395e-01,9.998419880867004395e-01,9.998419880867004395e-01,9.998419880867004395e-01,9.292895793914794922e-01,8.574779629707336426e-01,9.676242470741271973e-01,9.929526448249816895e-01,9.982011914253234863e-01,9.995420575141906738e-01,9.998356699943542480e-01,9.998731017112731934e-01,9.998666644096374512e-01,9.998566508293151855e-01,9.998499751091003418e-01,9.998461604118347168e-01,9.998442530632019043e-01,9.998431801795959473e-01,9.998426437377929688e-01
9.999596476554870605e-01,9.639549255371093750e-01,9.908105731010437012e-01,9.980567097663879395e-01,9.996441006660461426e-01,9.999606609344482422e-01,1.000000000000000000e+00,9.999898076057434082e-01,9.999771714210510254e-01,9.999691843986511230e-01,9.999646544456481934e-01,9.999621510505676270e-01,9.999609589576721191e-01,9.999603629112243652e-01,9.999599456787109375e-01,9.999598860740661621e-01,9.999597668647766113e-01,9.999597072601318359e-01,9.999597072601318359e-01,9.999596476554870605e-01,9.999596476554870605e-01,9.924712777137756348e-01,9.980106949806213379e-01,9.994917511940002441e-01,9.998698830604553223e-01,9.999532699584960938e-01,9.999660849571228027e-01,9.999652504920959473e-01,9.999629855155944824e-01,9.999615550041198730e-01,9.999606609344482422e-01,9.999601244926452637e-01,9.999599456787109375e-01,9.999597668647766113e-01,9.999597668647766113e-01,9.999597072601318359e-01,9.999597072601318359e-01,9.999596476554870605e-01,9.999597072601318359e-01,9.999596476554870605e-01,9.999596476554870605e-01,9.650495648384094238e-01,9.917514920234680176e-01,9.980533719062805176e-01,9.995285868644714355e-01,9.996189475059509277e-01,9.998750090599060059e-01,9.999386668205261230e-01,9.999544024467468262e-01,9.999583363533020020e-01,9.999592900276184082e-01,9.999596476554870605e-01,9.999596476554870605e-01,9.999597072601318359e-01,9.999596476554870605e-01,9.999597072601318359e-01,9.999596476554870605e-01,9.999596476554870605e-01,9.999597072601318359e-01,9.999596476554870605e-01,9.999596476554870605e-01,9.868711829185485840e-01,9.961636662483215332e-01,9.988936781883239746e-01,9.996740818023681641e-01,9.992545247077941895e-01,9.997388720512390137e-01,9.998951554298400879e-01,9.999394416809082031e-01,9.999522566795349121e-01,9.999566078186035156e-01,9.999583363533020020e-01,9.999589920043945312e-01,9.999592900276184082e-01,9.999595284461975098e-01,9.999594688415527344e-01,9.999596476554870605e-01,9.999596476554870605e-01,9.999597668647766113e-01,9.999596476554870605e-01,9.999596476554870605e-01,9.943711161613464355e-01,9.984753131866455078e-01,9.996405243873596191e-01,9.999042153358459473e-01,9.996029734611511230e-01,9.998540878295898438e-01,9.999247193336486816e-01,9.999464154243469238e-01,9.999541640281677246e-01,9.999572634696960449e-01,9.999585151672363281e-01,9.999591708183288574e-01,9.999594092369079590e-01,9.999594688415527344e-01,9.999595284461975098e-01,9.999596476554870605e-01,9.999596476554870605e-01,9.999596476554870605e-01,9.999596476554870605e-01,9.999596476554870605e-01,9.615257382392883301e-01,9.913901686668395996e-01,9.981238842010498047e-01,9.995911717414855957e-01,7.596297264099121094e-01,8.598720431327819824e-01,9.544923901557922363e-01,9.900704026222229004e-01,9.978415369987487793e-01,9.994904994964599609e-01,9.998555779457092285e-01,9.999421238899230957e-01,9.999601244926452637e-01,9.999622702598571777e-01,9.999615550041198730e-01,9.999608397483825684e-01,9.999602437019348145e-01,9.999599456787109375e-01,9.999597668647766113e-01,9.999596476554870605e-01,9.999596476554870605e-01,9.999596476554870605e-01,9.999596476554870605e-01,9.999596476554870605e-01,9.283688664436340332e-01,8.570856451988220215e-01,9.671600461006164551e-01,9.927108883857727051e-01,9.980878829956054688e-01,9.995267987251281738e-01,9.998884201049804688e-01,9.999586939811706543e-01,9.999682903289794922e-01,9.999663233757019043e-01,9.999635219573974609e-01,9.999617934226989746e-01,9.999607205390930176e-01,9.999602437019348145e-01,9.999599456787109375e-01
9.999899268150329590e-01,9.628316760063171387e-01,9.902140498161315918e-01,9.977731108665466309e-01,9.995163083076477051e-01,9.999113082885742188e-01,9.999898076057434082e-01,1.000000000000000000e+00,9.999974370002746582e-01,9.999943375587463379e-01,9.999923706054687500e-01,9.999911189079284668e-01,9.999905228614807129e-01,9.999902844429016113e-01,9.999901652336120605e-01,9.999899864196777344e-01,9.999899864196777344e-01,9.999899864196777344e-01,9.999899864196777344e-01,9.999899268150329590e-01,9.999899268150329590e-01,9.923255443572998047e-01,9.979424476623535156e-01,9.994627833366394043e-01,9.998686909675598145e-01,9.999675154685974121e-01,9.999883174896240234e-01,9.999914765357971191e-01,9.999914169311523438e-01,9.999907612800598145e-01,9.999904632568359375e-01,9.999901652336120605e-01,9.999901652336120605e-01,9.999899864196777344e-01,9.999899864196777344e-01,9.999899864196777344e-01,9.999899864196777344e-01,9.999899268150329590e-01,9.999899864196777344e-01,9.999899268150329590e-01,9.999899268150329590e-01,9.649877548217773438e-01,9.916698336601257324e-01,9.980189204216003418e-01,9.995246529579162598e-01,9.996491074562072754e-01,9.999053478240966797e-01,9.999689459800720215e-01,9.999846816062927246e-01,9.999887347221374512e-01,9.999896883964538574e-01,9.999899268150329590e-01,9.999899268150329590e-01,9.999899864196777344e-01,9.999899864196777344e-01,9.999899864196777344e-01,9.999899268150329590e-01,9.999899864196777344e-01,9.999899864196777344e-01,9.999899268150329590e-01,9.999899268150329590e-01,9.871220588684082031e-01,9.962949156761169434e-01,9.989726543426513672e-01,9.997283816337585449e-01,9.993343949317932129e-01,9.997908473014831543e-01,9.999356865882873535e-01,9.999744296073913574e-01,9.999848008155822754e-01,9.999880790710449219e-01,9.999892115592956543e-01,9.999896883964538574e-01,9.999898076057434082e-01,9.999899864196777344e-01,9.999899268150329590e-01,9.999899864196777344e-01,9.999899268150329590e-01,9.999899864196777344e-01,9.999899864196777344e-01,9.999899268150329590e-01,9.943372607231140137e-01,9.984514713287353516e-01,9.996373653411865234e-01,9.999160170555114746e-01,9.996716380119323730e-01,9.999029040336608887e-01,9.999639987945556641e-01,9.999812245368957520e-01,9.999866485595703125e-01,9.999885559082031250e-01,9.999893307685852051e-01,9.999896883964538574e-01,9.999898076057434082e-01,9.999899268150329590e-01,9.999899268150329590e-01,9.999899268150329590e-01,9.999899268150329590e-01,9.999899864196777344e-01,9.999899268150329590e-01,9.999899268150329590e-01,9.610250592231750488e-01,9.911379814147949219e-01,9.980163574218750000e-01,9.995536208152770996e-01,7.599515914916992188e-01,8.596839904785156250e-01,9.545107483863830566e-01,9.900639653205871582e-01,9.978241324424743652e-01,9.994830489158630371e-01,9.998665452003479004e-01,9.999627470970153809e-01,9.999856352806091309e-01,9.999900460243225098e-01,9.999906420707702637e-01,9.999904036521911621e-01,9.999902844429016113e-01,9.999901652336120605e-01,9.999899864196777344e-01,9.999899268150329590e-01,9.999899268150329590e-01,9.999899268150329590e-01,9.999899268150329590e-01,9.999899268150329590e-01,9.278697967529296875e-01,8.569421768188476562e-01,9.669092297554016113e-01,9.925541877746582031e-01,9.979977011680603027e-01,9.994867444038391113e-01,9.998837113380432129e-01,9.999712109565734863e-01,9.999897480010986328e-01,9.999921321868896484e-01,9.999915957450866699e-01,9.999908804893493652e-01,9.999904632568359375e-01,9.999902844429016113e-01,9.999899864196777344e-01
9.999974370002746582e-01,9.622655510902404785e-01,9.899097084999084473e-01,9.976245760917663574e-01,9.994451999664306641e-01,9.998791813850402832e-01,9.999771714210510254e-01,9.999974370002746582e-01,1.000000000000000000e+00,9.999993443489074707e-01,9.999986290931701660e-01,9.999981522560119629e-01,9.999977946281433105e-01,9.999976754188537598e-01,9.999976158142089844e-01,9.999975562095642090e-01,9.999974370002746582e-01,9.999975562095642090e-01,9.999974370002746582e-01,9.999975562095642090e-01,9.999974370002746582e-01,9.922453761100769043e-01,9.979009628295898438e-01,9.994407296180725098e-01,9.998605847358703613e-01,9.999669194221496582e-01,9.999918341636657715e-01,9.999971389770507812e-01,9.999979138374328613e-01,9.999978542327880859e-01,9.999977946281433105e-01,9.999976754188537598e-01,9.999976158142089844e-01,9.999975562095642090e-01,9.999974370002746582e-01,9.999975562095642090e-01,9.999974370002746582e-01,9.999974370002746582e-01,9.999974370002746582e-01,9.999974370002746582e-01,9.999974370002746582e-01,9.649493098258972168e-01,9.916215538978576660e-01,9.979941844940185547e-01,9.995152354240417480e-01,9.996567368507385254e-01,9.999127984046936035e-01,9.999763965606689453e-01,9.999921917915344238e-01,9.999961853027343750e-01,9.999971389770507812e-01,9.999973773956298828e-01,9.999975562095642090e-01,9.999974370002746582e-01,9.999974370002746582e-01,9.999974370002746582e-01,9.999974370002746582e-01,9.999974370002746582e-01,9.999974370002746582e-01,9.999975562095642090e-01,9.999974370002746582e-01,9.872393012046813965e-01,9.963526725769042969e-01,9.990044236183166504e-01,9.997479319572448730e-01,9.993665218353271484e-01,9.998090863227844238e-01,9.999482631683349609e-01,9.999843239784240723e-01,9.999936223030090332e-01,9.999961853027343750e-01,9.999970793724060059e-01,9.999973177909851074e-01,9.999974370002746582e-01,9.999973773956298828e-01,9.999974370002746582e-01,9.999974370002746582e-01,9.999974370002746582e-01,9.999975562095642090e-01,9.999974370002746582e-01,9.999974370002746582e-01,9.943127632141113281e-01,9.984319806098937988e-01,9.996281266212463379e-01,9.999143481254577637e-01,9.996982216835021973e-01,9.999197125434875488e-01,9.999760985374450684e-01,9.999911189079284668e-01,9.999954104423522949e-01,9.999966621398925781e-01,9.999971985816955566e-01,9.999973177909851074e-01,9.999974370002746582e-01,9.999974370002746582e-01,9.999974370002746582e-01,9.999974370002746582e-01,9.999974370002746582e-01,9.999975562095642090e-01,9.999974370002746582e-01,9.999974370002746582e-01,9.607686400413513184e-01,9.910051226615905762e-01,9.979553222656250000e-01,9.995272159576416016e-01,7.601053118705749512e-01,8.595847487449645996e-01,9.545130133628845215e-01,9.900533556938171387e-01,9.978080391883850098e-01,9.994718432426452637e-01,9.998645782470703125e-01,9.999653697013854980e-01,9.999906420707702637e-01,9.999964237213134766e-01,9.999976158142089844e-01,9.999977946281433105e-01,9.999976158142089844e-01,9.999976158142089844e-01,9.999976158142089844e-01,9.999974370002746582e-01,9.999974370002746582e-01,9.999974370002746582e-01,9.999974370002746582e-01,9.999974370002746582e-01,9.276137948036193848e-01,8.568634986877441406e-01,9.667767882347106934e-01,9.924685955047607422e-01,9.979450702667236328e-01,9.994592666625976562e-01,9.998738169670104980e-01,9.999699592590332031e-01,9.999929070472717285e-01,9.999973773956298828e-01,9.999980330467224121e-01,9.999979138374328613e-01,9.999977946281433105e-01,9.999976158142089844e-01,9.999976158142089844e-01
9.999993443489074707e-01,9.619813561439514160e-01,9.897561073303222656e-01,9.975484013557434082e-01,9.994078278541564941e-01,9.998612999916076660e-01,9.999691843986511230e-01,9.999943375587463379e-01,9.999993443489074707e-01,1.000000000000000000e+00,9.999998211860656738e-01,9.999995827674865723e-01,9.999995231628417969e-01,9.999995231628417969e-01,9.999993443489074707e-01,9.999994635581970215e-01,9.999993443489074707e-01,9.999993443489074707e-01,9.999993443489074707e-01,9.999994635581970215e-01,9.999993443489074707e-01,9.922034740447998047e-01,9.978783130645751953e-01,9.994278550148010254e-01,9.998548030853271484e-01,9.999648928642272949e-01,9.999917149543762207e-01,9.999980330467224121e-01,9.999992847442626953e-01,9.999994635581970215e-01,9.999995231628417969e-01,9.999994635581970215e-01,9.999993443489074707e-01,9.999993443489074707e-01,9.999994635581970215e-01,9.999994635581970215e-01,9.999993443489074707e-01,9.999993443489074707e-01,9.999994635581970215e-01,9.999994635581970215e-01,9.999993443489074707e-01,9.649279713630676270e-01,9.915955066680908203e-01,9.979798197746276855e-01,9.995086789131164551e-01,9.996585845947265625e-01,9.999147057533264160e-01,9.999783039093017578e-01,9.999940991401672363e-01,9.999980330467224121e-01,9.999990463256835938e-01,9.999992847442626953e-01,9.999993443489074707e-01,9.999993443489074707e-01,9.999993443489074707e-01,9.999993443489074707e-01,9.999993443489074707e-01,9.999993443489074707e-01,9.999993443489074707e-01,9.999993443489074707e-01,9.999993443489074707e-01,9.872958660125732422e-01,9.963795542716979980e-01,9.990184307098388672e-01,9.997557997703552246e-01,9.993808269500732422e-01,9.998164176940917969e-01,9.999527335166931152e-01,9.999874234199523926e-01,9.999960064888000488e-01,9.999983906745910645e-01,9.999990463256835938e-01,9.999992847442626953e-01,9.999993443489074707e-01,9.999993443489074707e-01,9.999993443489074707e-01,9.999993443489074707e-01,9.999994635581970215e-01,9.999994635581970215e-01,9.999993443489074707e-01,9.999993443489074707e-01,9.942985177040100098e-01,9.984204173088073730e-01,9.996216893196105957e-01,9.999116063117980957e-01,9.997096657752990723e-01,9.999261498451232910e-01,9.999802112579345703e-01,9.999939799308776855e-01,9.999977946281433105e-01,9.999988675117492676e-01,9.999992251396179199e-01,9.999993443489074707e-01,9.999993443489074707e-01,9.999993443489074707e-01,9.999994635581970215e-01,9.999994635581970215e-01,9.999993443489074707e-01,9.999994635581970215e-01,9.999993443489074707e-01,9.999993443489074707e-01,9.606387019157409668e-01,9.909368157386779785e-01,9.979229569435119629e-01,9.995122551918029785e-01,7.601802349090576172e-01,8.595336079597473145e-01,9.545125961303710938e-01,9.900462031364440918e-01,9.977981448173522949e-01,9.994644522666931152e-01,9.998616576194763184e-01,9.999647736549377441e-01,9.999913573265075684e-01,9.999976158142089844e-01,9.999990463256835938e-01,9.999993443489074707e-01,9.999993443489074707e-01,9.999993443489074707e-01,9.999993443489074707e-01,9.999993443489074707e-01,9.999993443489074707e-01,9.999993443489074707e-01,9.999993443489074707e-01,9.999993443489074707e-01,9.274842143058776855e-01,8.568224310874938965e-01,9.667088389396667480e-01,9.924238324165344238e-01,9.979168772697448730e-01,9.994435310363769531e-01,9.998669624328613281e-01,9.999673962593078613e-01,9.999925494194030762e-01,9.999982714653015137e-01,9.999993443489074707e-01,9.999995231628417969e-01,9.999994635581970215e-01,9.999995231628417969e-01,9.999993443489074707e-01
9.999998211860656738e-01,9.618389606475830078e-01,9.896788597106933594e-01,9.975099563598632812e-01,9.993886947631835938e-01,9.998518824577331543e-01,9.999646544456481934e-01,9.999923706054687500e-01,9.999986290931701660e-01,9.999998211860656738e-01,1.000000000000000000e+00,1.000000000000000000e+00,9.999999403953552246e-01,9.999998211860656738e-01,9.999998211860656738e-01,9.999999403953552246e-01,9.999998211860656738e-01,9.999998211860656738e-01,9.999999403953552246e-01,9.999999403953552246e-01,9.999998211860656738e-01,9.921821951866149902e-01,9.978664517402648926e-01,9.994209408760070801e-01,9.998512864112854004e-01,9.999632835388183594e-01,9.999911785125732422e-01,9.999979138374328613e-01,9.999995231628417969e-01,9.999998211860656738e-01,9.999999403953552246e-01,9.999998211860656738e-01,9.999998211860656738e-01,9.999998211860656738e-01,9.999998211860656738e-01,9.999999403953552246e-01,9.999998211860656738e-01,9.999998211860656738e-01,9.999998211860656738e-01,9.999999403953552246e-01,9.999998211860656738e-01,9.649170041084289551e-01,9.915819764137268066e-01,9.979722499847412109e-01,9.995048642158508301e-01,9.996590614318847656e-01,9.999151229858398438e-01,9.999787807464599609e-01,9.999945163726806641e-01,9.999985694885253906e-01,9.999995231628417969e-01,9.999997615814208984e-01,9.999999403953552246e-01,9.999998211860656738e-01,9.999998211860656738e-01,9.999997615814208984e-01,9.999998211860656738e-01,9.999998211860656738e-01,9.999998211860656738e-01,9.999998211860656738e-01,9.999998211860656738e-01,9.873237609863281250e-01,9.963924288749694824e-01,9.990248680114746094e-01,9.997591972351074219e-01,9.993874430656433105e-01,9.998195171356201172e-01,9.999544620513916016e-01,9.999883770942687988e-01,9.999969005584716797e-01,9.999990463256835938e-01,9.999995827674865723e-01,9.999997019767761230e-01,9.999998211860656738e-01,9.999999403953552246e-01,9.999998211860656738e-01,9.999998211860656738e-01,9.999998211860656738e-01,9.999998211860656738e-01,9.999999403953552246e-01,9.999998211860656738e-01,9.942910075187683105e-01,9.984140992164611816e-01,9.996181130409240723e-01,9.999096989631652832e-01,9.997148513793945312e-01,9.999288916587829590e-01,9.999817013740539551e-01,9.999950528144836426e-01,9.999985694885253906e-01,9.999993443489074707e-01,9.999997019767761230e-01,9.999997615814208984e-01,9.999999403953552246e-01,9.999998211860656738e-01,9.999998211860656738e-01,9.999998211860656738e-01,9.999998211860656738e-01,9.999999403953552246e-01,9.999998211860656738e-01,9.999998211860656738e-01,9.605734944343566895e-01,9.909023642539978027e-01,9.979063868522644043e-01,9.995043277740478516e-01,7.602172493934631348e-01,8.595077991485595703e-01,9.545118212699890137e-01,9.900422096252441406e-01,9.977927207946777344e-01,9.994602203369140625e-01,9.998596310615539551e-01,9.999640583992004395e-01,9.999911785125732422e-01,9.999979138374328613e-01,9.999994635581970215e-01,9.999997019767761230e-01,9.999998211860656738e-01,9.999998211860656738e-01,9.999999403953552246e-01,9.999998211860656738e-01,9.999998211860656738e-01,9.999998211860656738e-01,9.999998211860656738e-01,9.999998211860656738e-01,9.274188876152038574e-01,8.568013310432434082e-01,9.666743278503417969e-01,9.924011826515197754e-01,9.979023933410644531e-01,9.994352459907531738e-01,9.998629689216613770e-01,9.999656677246093750e-01,9.999918937683105469e-01,9.999981522560119629e-01,9.999995231628417969e-01,9.999999403953552246e-01,1.000000000000000000e+00,9.999998211860656738e-01,9.999998211860656738e-01
