1.000000000000000000e+00,9.912462234497070312e-01,9.976434111595153809e-01,9.994042515754699707e-01,9.998528957366943359e-01,9.999641776084899902e-01,9.999914765357971191e-01,9.999979138374328613e-01,9.999994635581970215e-01,9.999998211860656738e-01,1.000000000000000000e+00,1.000000000000000000e+00,1.000000000000000000e+00,9.391461014747619629e-01,1.000000000000000000e+00,1.000000000000000000e+00,1.000000000000000000e+00,1.000000000000000000e+00,1.000000000000000000e+00,1.000000000000000000e+00,1.000000000000000000e+00,9.996789097785949707e-01,9.999210238456726074e-01,9.999806284904479980e-01,9.999952316284179688e-01,9.999988079071044922e-01,9.999997019767761230e-01,9.999999403953552246e-01,1.000000000000000000e+00,1.000000000000000000e+00,1.000000000000000000e+00,1.000000119209289551e+00,1.000000000000000000e+00,8.382709622383117676e-01,1.000000000000000000e+00,1.000000000000000000e+00,1.000000000000000000e+00,9.985393881797790527e-01,9.996462464332580566e-01,9.999132156372070312e-01,1.000000000000000000e+00,1.000000000000000000e+00,1.000000000000000000e+00,1.000000000000000000e+00,1.000000000000000000e+00,1.000000000000000000e+00,1.000000000000000000e+00,1.000000000000000000e+00,1.000000000000000000e+00,9.662343859672546387e-01,1.000000000000000000e+00,1.000000000000000000e+00,1.000000000000000000e+00,9.873231053352355957e-01,9.976511001586914062e-01,9.994132518768310547e-01,9.998550415039062500e-01,9.982752799987792969e-01,9.995611310005187988e-01,9.998881220817565918e-01,1.000000000000000000e+00,9.999656677246093750e-01,9.999913573265075684e-01,9.999978542327880859e-01,9.999994635581970215e-01,9.991444945335388184e-01,1.000000000000000000e+00,1.000000000000000000e+00,1.000000000000000000e+00,9.155276417732238770e-01,1.000000000000000000e+00,1.000000000000000000e+00,1.000000000000000000e+00,9.529634118080139160e-01,9.849327206611633301e-01,9.961578845977783203e-01,9.990434646606445312e-01,9.831522107124328613e-01,9.959864616394042969e-01,9.991099238395690918e-01,1.000000000000000000e+00,9.999279975891113281e-01,9.999818205833435059e-01,9.999954700469970703e-01,9.999988675117492676e-01,9.980532526969909668e-01,9.999999403953552246e-01,1.000000000000000000e+00,1.000000000000000000e+00,9.797684550285339355e-01,1.000000000000000000e+00,1.000000000000000000e+00,1.000000000000000000e+00,9.443071484565734863e-01,9.990329742431640625e-01,9.997269511222839355e-01,9.999321103096008301e-01,9.971270561218261719e-01,9.994032382965087891e-01,9.998486042022705078e-01,1.000000000000000000e+00,9.999136328697204590e-01,9.999783039093017578e-01,9.999945163726806641e-01,9.999987483024597168e-01,9.904100894927978516e-01,9.999876618385314941e-01,9.999969601631164551e-01,9.999992251396179199e-01,8.193404078483581543e-01,9.999999403953552246e-01,1.000000000000000000e+00,9.999999403953552246e-01,9.275033473968505859e-01,9.908449053764343262e-01,9.975371360778808594e-01,9.993802905082702637e-01,9.980699419975280762e-01,9.995769858360290527e-01,9.998947978019714355e-01,1.000000000000000000e+00,1.000000000000000000e+00,1.000000000000000000e+00,1.000000000000000000e+00,1.000000000000000000e+00,1.000000000000000000e+00,1.000000000000000000e+00,1.000000000000000000e+00,1.000000000000000000e+00,1.000000000000000000e+00,1.000000000000000000e+00,1.000000000000000000e+00,1.000000000000000000e+00,9.976323246955871582e-01,9.994339942932128906e-01,9.994770884513854980e-01,9.998686909675598145e-01,9.999340176582336426e-01,9.999834895133972168e-01,9.999958872795104980e-01
9.912462234497070312e-01,1.000000000000000000e+00,9.978970885276794434e-01,9.951503872871398926e-01,9.933279156684875488e-01,9.923071861267089844e-01,9.917696118354797363e-01,9.915063381195068359e-01,9.913768172264099121e-01,9.913117289543151855e-01,9.912789463996887207e-01,9.912626147270202637e-01,9.912543296813964844e-01,9.569478034973144531e-01,9.912481904029846191e-01,9.912471771240234375e-01,9.912467002868652344e-01,9.912464022636413574e-01,9.912462830543518066e-01,9.912462234497070312e-01,9.912462234497070312e-01,9.924333095550537109e-01,9.919177889823913574e-01,9.916017055511474609e-01,9.914288520812988281e-01,9.913387298583984375e-01,9.912927746772766113e-01,9.912696480751037598e-01,9.912579655647277832e-01,9.912521839141845703e-01,9.912491440773010254e-01,9.912477135658264160e-01,9.912469387054443359e-01,8.419461250305175781e-01,9.912464022636413574e-01,9.912462830543518066e-01,9.912462830543518066e-01,9.876594543457031250e-01,9.898565411567687988e-01,9.906470775604248047e-01,9.912462234497070312e-01,9.912462234497070312e-01,9.912462234497070312e-01,9.912462234497070312e-01,9.912462234497070312e-01,9.912462234497070312e-01,9.912462234497070312e-01,9.912462234497070312e-01,9.912462234497070312e-01,9.516777396202087402e-01,9.912462234497070312e-01,9.912462234497070312e-01,9.912462234497070312e-01,9.715140461921691895e-01,9.867023825645446777e-01,9.895927906036376953e-01,9.906761050224304199e-01,9.846410751342773438e-01,9.884465336799621582e-01,9.899595379829406738e-01,9.912462234497070312e-01,9.909536838531494141e-01,9.911071658134460449e-01,9.911786913871765137e-01,9.912129044532775879e-01,9.870133996009826660e-01,9.912379384040832520e-01,9.912421107292175293e-01,9.912440776824951172e-01,9.213307499885559082e-01,9.912455677986145020e-01,9.912459254264831543e-01,9.912460446357727051e-01,9.451827406883239746e-01,9.802658557891845703e-01,9.891065955162048340e-01,9.911379814147949219e-01,9.558577537536621094e-01,9.781270027160644531e-01,9.862028956413269043e-01,9.912462234497070312e-01,9.900627732276916504e-01,9.906692504882812500e-01,9.909613728523254395e-01,9.911047816276550293e-01,9.833173751831054688e-01,9.912109971046447754e-01,9.912286400794982910e-01,9.912374615669250488e-01,9.675768017768859863e-01,9.912440180778503418e-01,9.912450909614562988e-01,9.912456870079040527e-01,9.117925763130187988e-01,9.865695834159851074e-01,9.888775944709777832e-01,9.901669025421142578e-01,9.806120991706848145e-01,9.872133731842041016e-01,9.893808364868164062e-01,9.912462234497070312e-01,9.915750622749328613e-01,9.914310574531555176e-01,9.913437962532043457e-01,9.912964701652526855e-01,9.981428980827331543e-01,9.918060898780822754e-01,9.915292859077453613e-01,9.913884997367858887e-01,8.373987674713134766e-01,9.912818074226379395e-01,9.912641048431396484e-01,9.912551045417785645e-01,8.951887488365173340e-01,9.786292910575866699e-01,9.867026805877685547e-01,9.896243214607238770e-01,9.829636216163635254e-01,9.879108071327209473e-01,9.897204041481018066e-01,9.912462234497070312e-01,9.912462234497070312e-01,9.912462234497070312e-01,9.912462234497070312e-01,9.912462234497070312e-01,9.912462234497070312e-01,9.912462234497070312e-01,9.912462234497070312e-01,9.912462234497070312e-01,9.912462234497070312e-01,9.912462234497070312e-01,9.912462234497070312e-01,9.912462234497070312e-01,9.823445677757263184e-01,9.875104427337646484e-01,9.904525279998779297e-01,9.909804463386535645e-01,9.907897114753723145e-01,9.910189509391784668e-01,9.911363124847412109e-01
9.976434111595153809e-01,9.978970885276794434e-01,1.000000000000000000e+00,9.994146227836608887e-01,9.986709952354431152e-01,9.981866478919982910e-01,9.979166388511657715e-01,9.977805018424987793e-01,9.977124333381652832e-01,9.976781010627746582e-01,9.976608753204345703e-01,9.976520538330078125e-01,9.976478219032287598e-01,9.501436352729797363e-01,9.976446032524108887e-01,9.976441264152526855e-01,9.976437091827392578e-01,9.976434707641601562e-01,9.976434707641601562e-01,9.976435303688049316e-01,9.976434111595153809e-01,9.981415867805480957e-01,9.979729652404785156e-01,9.978285431861877441e-01,9.977410435676574707e-01,9.976934790611267090e-01,9.976688027381896973e-01,9.976562857627868652e-01,9.976499080657958984e-01,9.976467490196228027e-01,9.976450800895690918e-01,9.976443648338317871e-01,9.976438879966735840e-01,8.410949707031250000e-01,9.976436495780944824e-01,9.976435303688049316e-01,9.976434707641601562e-01,9.949861168861389160e-01,9.967082142829895020e-01,9.972695708274841309e-01,9.976434111595153809e-01,9.976434111595153809e-01,9.976434111595153809e-01,9.976434111595153809e-01,9.976434111595153809e-01,9.976434111595153809e-01,9.976434111595153809e-01,9.976434111595153809e-01,9.976434111595153809e-01,9.608340263366699219e-01,9.976434111595153809e-01,9.976434111595153809e-01,9.976434111595153809e-01,9.812905192375183105e-01,9.942104816436767578e-01,9.965369105339050293e-01,9.972979426383972168e-01,9.933822751045227051e-01,9.959848523139953613e-01,9.969254136085510254e-01,9.976434111595153809e-01,9.974732995033264160e-01,9.975664019584655762e-01,9.976069331169128418e-01,9.976256489753723145e-01,9.950278401374816895e-01,9.976391196250915527e-01,9.976412653923034668e-01,9.976424574851989746e-01,9.209237098693847656e-01,9.976431727409362793e-01,9.976432323455810547e-01,9.976432919502258301e-01,9.512622952461242676e-01,9.848522543907165527e-01,9.947888851165771484e-01,9.971849918365478516e-01,9.708573818206787109e-01,9.887988567352294922e-01,9.945783019065856934e-01,9.976434111595153809e-01,9.969912171363830566e-01,9.973337054252624512e-01,9.974926114082336426e-01,9.975691437721252441e-01,9.925563931465148926e-01,9.976250529289245605e-01,9.976343512535095215e-01,9.976387619972229004e-01,9.753287434577941895e-01,9.976422786712646484e-01,9.976428151130676270e-01,9.976431727409362793e-01,9.288415312767028809e-01,9.947607517242431641e-01,9.962952136993408203e-01,9.970582127571105957e-01,9.906401634216308594e-01,9.952428340911865234e-01,9.965936541557312012e-01,9.976434111595153809e-01,9.977415204048156738e-01,9.977135658264160156e-01,9.976838231086730957e-01,9.976649880409240723e-01,9.965472817420959473e-01,9.979302883148193359e-01,9.977899193763732910e-01,9.977174401283264160e-01,8.297263979911804199e-01,9.976620674133300781e-01,9.976527094841003418e-01,9.976480603218078613e-01,9.114565849304199219e-01,9.863031506538391113e-01,9.939098358154296875e-01,9.964134097099304199e-01,9.922819733619689941e-01,9.956627488136291504e-01,9.967794418334960938e-01,9.976434111595153809e-01,9.976434111595153809e-01,9.976434111595153809e-01,9.976434111595153809e-01,9.976434111595153809e-01,9.976434111595153809e-01,9.976434111595153809e-01,9.976434111595153809e-01,9.976434111595153809e-01,9.976434111595153809e-01,9.976434111595153809e-01,9.976434111595153809e-01,9.976434111595153809e-01,9.918887019157409668e-01,9.954450726509094238e-01,9.969990253448486328e-01,9.974533915519714355e-01,9.973824620246887207e-01,9.975221753120422363e-01,9.975867271423339844e-01
9.994042515754699707e-01,9.951503872871398926e-01,9.994146227836608887e-01,1.000000000000000000e+00,9.998490214347839355e-01,9.996603131294250488e-01,9.995377659797668457e-01,9.994724392890930176e-01,9.994389414787292480e-01,9.994217753410339355e-01,9.994130730628967285e-01,9.994087219238281250e-01,9.994065165519714355e-01,9.452014565467834473e-01,9.994048476219177246e-01,9.994046092033386230e-01,9.994044303894042969e-01,9.994042515754699707e-01,9.994043707847595215e-01,9.994042515754699707e-01,9.994042515754699707e-01,9.994972348213195801e-01,9.995320439338684082e-01,9.994885325431823730e-01,9.994513988494873047e-01,9.994291663169860840e-01,9.994170069694519043e-01,9.994106888771057129e-01,9.994075298309326172e-01,9.994059205055236816e-01,9.994051456451416016e-01,9.994046688079833984e-01,9.994044899940490723e-01,8.399304747581481934e-01,9.994043707847595215e-01,9.994043707847595215e-01,9.994043707847595215e-01,9.973247647285461426e-01,9.987502098083496094e-01,9.991692900657653809e-01,9.994042515754699707e-01,9.994042515754699707e-01,9.994042515754699707e-01,9.994042515754699707e-01,9.994042515754699707e-01,9.994042515754699707e-01,9.994042515754699707e-01,9.994042515754699707e-01,9.994042515754699707e-01,9.641039967536926270e-01,9.994042515754699707e-01,9.994042515754699707e-01,9.994042515754699707e-01,9.848851561546325684e-01,9.965238571166992188e-01,9.985640048980712891e-01,9.991626739501953125e-01,9.964105486869812012e-01,9.983565211296081543e-01,9.989898800849914551e-01,9.994042515754699707e-01,9.993017315864562988e-01,9.993612170219421387e-01,9.993848800659179688e-01,9.993951320648193359e-01,9.976677298545837402e-01,9.994021058082580566e-01,9.994032979011535645e-01,9.994037747383117676e-01,9.188266396522521973e-01,9.994041323661804199e-01,9.994042515754699707e-01,9.994042515754699707e-01,9.527032375335693359e-01,9.854879379272460938e-01,9.960681796073913574e-01,9.987041354179382324e-01,9.775271415710449219e-01,9.929568171501159668e-01,9.974238276481628418e-01,9.994042515754699707e-01,9.990417957305908203e-01,9.992401599884033203e-01,9.993265271186828613e-01,9.993665814399719238e-01,9.958832859992980957e-01,9.993950724601745605e-01,9.993997216224670410e-01,9.994019865989685059e-01,9.780873656272888184e-01,9.994037747383117676e-01,9.994040131568908691e-01,9.994041323661804199e-01,9.369940161705017090e-01,9.974815845489501953e-01,9.985957145690917969e-01,9.990789294242858887e-01,9.944479465484619141e-01,9.979022145271301270e-01,9.988024234771728516e-01,9.994042515754699707e-01,9.994073510169982910e-01,9.994271397590637207e-01,9.994211196899414062e-01,9.994141459465026855e-01,9.940611720085144043e-01,9.995424151420593262e-01,9.994764924049377441e-01,9.994411468505859375e-01,8.249033093452453613e-01,9.994136691093444824e-01,9.994089603424072266e-01,9.994065761566162109e-01,9.198423027992248535e-01,9.891173243522644043e-01,9.962883591651916504e-01,9.984717369079589844e-01,9.957405924797058105e-01,9.981972575187683105e-01,9.989174008369445801e-01,9.994042515754699707e-01,9.994042515754699707e-01,9.994042515754699707e-01,9.994042515754699707e-01,9.994042515754699707e-01,9.994042515754699707e-01,9.994042515754699707e-01,9.994042515754699707e-01,9.994042515754699707e-01,9.994042515754699707e-01,9.994042515754699707e-01,9.994042515754699707e-01,9.994042515754699707e-01,9.953342080116271973e-01,9.980202317237854004e-01,9.988235831260681152e-01,9.992454648017883301e-01,9.992418289184570312e-01,9.993360638618469238e-01,9.993742108345031738e-01
9.998528957366943359e-01,9.933279156684875488e-01,9.986709952354431152e-01,9.998490214347839355e-01,1.000000000000000000e+00,9.999622702598571777e-01,9.999151825904846191e-01,9.998857378959655762e-01,9.998698830604553223e-01,9.998615384101867676e-01,9.998572468757629395e-01,9.998550415039062500e-01,9.998540282249450684e-01,9.422851204872131348e-01,9.998531937599182129e-01,9.998530745506286621e-01,9.998530745506286621e-01,9.998529553413391113e-01,9.998528957366943359e-01,9.998528957366943359e-01,9.998528957366943359e-01,9.997356534004211426e-01,9.998758435249328613e-01,9.998846054077148438e-01,9.998738765716552734e-01,9.998645782470703125e-01,9.998590350151062012e-01,9.998560547828674316e-01,9.998545050621032715e-01,9.998537898063659668e-01,9.998533725738525391e-01,9.998531341552734375e-01,9.998530745506286621e-01,8.391395211219787598e-01,9.998529553413391113e-01,9.998529553413391113e-01,9.998528957366943359e-01,9.980837702751159668e-01,9.993495941162109375e-01,9.996922612190246582e-01,9.998528957366943359e-01,9.998528957366943359e-01,9.998528957366943359e-01,9.998528957366943359e-01,9.998528957366943359e-01,9.998528957366943359e-01,9.998528957366943359e-01,9.998528957366943359e-01,9.998528957366943359e-01,9.653137326240539551e-01,9.998528957366943359e-01,9.998528957366943359e-01,9.998528957366943359e-01,9.862561225891113281e-01,9.972396492958068848e-01,9.991402626037597656e-01,9.996597766876220703e-01,9.974963665008544922e-01,9.991108775138854980e-01,9.995903968811035156e-01,9.998528957366943359e-01,9.997844099998474121e-01,9.998271465301513672e-01,9.998421669006347656e-01,9.998481273651123047e-01,9.985579848289489746e-01,9.998518824577331543e-01,9.998523592948913574e-01,9.998526573181152344e-01,9.172918200492858887e-01,9.998528957366943359e-01,9.998528957366943359e-01,9.998528957366943359e-01,9.529646039009094238e-01,9.853527545928955078e-01,9.962612986564636230e-01,9.990236163139343262e-01,9.804937243461608887e-01,9.946253299713134766e-01,9.984191060066223145e-01,9.998528957366943359e-01,9.996359944343566895e-01,9.997619986534118652e-01,9.998118877410888672e-01,9.998335242271423340e-01,9.971206784248352051e-01,9.998483657836914062e-01,9.998506903648376465e-01,9.998517632484436035e-01,9.790790081024169922e-01,9.998525977134704590e-01,9.998528361320495605e-01,9.998528957366943359e-01,9.408032298088073730e-01,9.984116554260253906e-01,9.993143081665039062e-01,9.996573328971862793e-01,9.959402084350585938e-01,9.988043904304504395e-01,9.994767308235168457e-01,9.998528957366943359e-01,9.998105168342590332e-01,9.998531341552734375e-01,9.998585581779479980e-01,9.998571276664733887e-01,9.923689961433410645e-01,9.999156594276428223e-01,9.998874068260192871e-01,9.998708367347717285e-01,8.222050070762634277e-01,9.998574852943420410e-01,9.998552799224853516e-01,9.998541474342346191e-01,9.238117337226867676e-01,9.901320338249206543e-01,9.970645904541015625e-01,9.990773797035217285e-01,9.970579147338867188e-01,9.990388751029968262e-01,9.995573163032531738e-01,9.998528957366943359e-01,9.998528957366943359e-01,9.998528957366943359e-01,9.998528957366943359e-01,9.998528957366943359e-01,9.998528957366943359e-01,9.998528957366943359e-01,9.998528957366943359e-01,9.998528957366943359e-01,9.998528957366943359e-01,9.998528957366943359e-01,9.998528957366943359e-01,9.998528957366943359e-01,9.966332316398620605e-01,9.988778233528137207e-01,9.992987513542175293e-01,9.997067451477050781e-01,9.997379779815673828e-01,9.998103976249694824e-01,9.998357295989990234e-01
9.999641776084899902e-01,9.923071861267089844e-01,9.981866478919982910e-01,9.996603131294250488e-01,9.999622702598571777e-01,1.000000000000000000e+00,9.999906420707702637e-01,9.999793171882629395e-01,9.999722838401794434e-01,9.999682903289794922e-01,9.999662041664123535e-01,9.999651908874511719e-01,9.999647140502929688e-01,9.407129287719726562e-01,9.999642372131347656e-01,9.999641776084899902e-01,9.999641776084899902e-01,9.999641776084899902e-01,9.999640583992004395e-01,9.999640583992004395e-01,9.999641776084899902e-01,9.997441172599792480e-01,9.999356269836425781e-01,9.999701380729675293e-01,9.999720454216003418e-01,9.999692440032958984e-01,9.999670386314392090e-01,9.999656677246093750e-01,9.999648928642272949e-01,9.999644756317138672e-01,9.999642968177795410e-01,9.999642372131347656e-01,9.999641776084899902e-01,8.387287259101867676e-01,9.999642372131347656e-01,9.999641776084899902e-01,9.999640583992004395e-01,9.983521103858947754e-01,9.995371699333190918e-01,9.998411536216735840e-01,9.999641776084899902e-01,9.999641776084899902e-01,9.999641776084899902e-01,9.999641776084899902e-01,9.999641776084899902e-01,9.999641776084899902e-01,9.999641776084899902e-01,9.999641776084899902e-01,9.999641776084899902e-01,9.658212661743164062e-01,9.999641776084899902e-01,9.999641776084899902e-01,9.999641776084899902e-01,9.868370890617370605e-01,9.974870681762695312e-01,9.993163943290710449e-01,9.997957348823547363e-01,9.979266524314880371e-01,9.993751049041748047e-01,9.997776150703430176e-01,9.999641776084899902e-01,9.999127388000488281e-01,9.999468922615051270e-01,9.999576210975646973e-01,9.999613761901855469e-01,9.988903403282165527e-01,9.999635219573974609e-01,9.999639391899108887e-01,9.999639391899108887e-01,9.164233207702636719e-01,9.999640583992004395e-01,9.999640583992004395e-01,9.999641776084899902e-01,9.529994130134582520e-01,9.851819872856140137e-01,9.962490200996398926e-01,9.990721344947814941e-01,9.818733334541320801e-01,9.953494668006896973e-01,9.988045692443847656e-01,9.999641776084899902e-01,9.998202323913574219e-01,9.999098181724548340e-01,9.999414086341857910e-01,9.999539256095886230e-01,9.976274371147155762e-01,9.999617934226989746e-01,9.999629855155944824e-01,9.999635219573974609e-01,9.794647097587585449e-01,9.999639987945556641e-01,9.999639987945556641e-01,9.999640583992004395e-01,9.426071047782897949e-01,9.987626671791076660e-01,9.995601773262023926e-01,9.998331665992736816e-01,9.965763092041015625e-01,9.991433620452880859e-01,9.997012615203857422e-01,9.999641776084899902e-01,9.998989105224609375e-01,9.999530315399169922e-01,9.999639391899108887e-01,9.999653697013854980e-01,9.914091229438781738e-01,9.999889731407165527e-01,9.999795556068420410e-01,9.999726414680480957e-01,8.207553029060363770e-01,9.999663829803466797e-01,9.999652504920959473e-01,9.999646544456481934e-01,9.256978034973144531e-01,9.905230402946472168e-01,9.973374009132385254e-01,9.992658495903015137e-01,9.976049065589904785e-01,9.993469119071960449e-01,9.997642636299133301e-01,9.999641776084899902e-01,9.999641776084899902e-01,9.999641776084899902e-01,9.999641776084899902e-01,9.999641776084899902e-01,9.999641776084899902e-01,9.999641776084899902e-01,9.999641776084899902e-01,9.999641776084899902e-01,9.999641776084899902e-01,9.999641776084899902e-01,9.999641776084899902e-01,9.999641776084899902e-01,9.971736073493957520e-01,9.991952776908874512e-01,9.994248747825622559e-01,9.998250603675842285e-01,9.998738169670104980e-01,9.999346733093261719e-01,9.999535083770751953e-01
9.999914765357971191e-01,9.917696118354797363e-01,9.979166388511657715e-01,9.995377659797668457e-01,9.999151825904846191e-01,9.999906420707702637e-01,1.000000000000000000e+00,9.999978542327880859e-01,9.999951720237731934e-01,9.999935030937194824e-01,9.999924302101135254e-01,9.999920725822448730e-01,9.999917149543762207e-01,9.399018883705139160e-01,9.999914169311523438e-01,9.999914765357971191e-01,9.999914169311523438e-01,9.999914169311523438e-01,9.999914169311523438e-01,9.999914169311523438e-01,9.999914765357971191e-01,9.997203946113586426e-01,9.999374747276306152e-01,9.999845623970031738e-01,9.999929070472717285e-01,9.999933242797851562e-01,9.999926686286926270e-01,9.999921321868896484e-01,9.999918341636657715e-01,9.999917149543762207e-01,9.999915957450866699e-01,9.999914765357971191e-01,9.999914765357971191e-01,8.385081291198730469e-01,9.999914169311523438e-01,9.999914169311523438e-01,9.999914169311523438e-01,9.984580874443054199e-01,9.996025562286376953e-01,9.998872280120849609e-01,9.999914765357971191e-01,9.999914765357971191e-01,9.999914765357971191e-01,9.999914765357971191e-01,9.999914765357971191e-01,9.999914765357971191e-01,9.999914765357971191e-01,9.999914765357971191e-01,9.999914765357971191e-01,9.660494327545166016e-01,9.999914765357971191e-01,9.999914765357971191e-01,9.999914765357971191e-01,9.871005415916442871e-01,9.975828528404235840e-01,9.993762969970703125e-01,9.998356699943542480e-01,9.981134533882141113e-01,9.994788765907287598e-01,9.998428821563720703e-01,9.999914765357971191e-01,9.999489188194274902e-01,9.999786019325256348e-01,9.999871253967285156e-01,9.999898076057434082e-01,9.990282058715820312e-01,9.999911189079284668e-01,9.999913573265075684e-01,9.999914169311523438e-01,9.159657955169677734e-01,9.999914169311523438e-01,9.999914169311523438e-01,9.999914169311523438e-01,9.529934525489807129e-01,9.850707650184631348e-01,9.962157607078552246e-01,9.990685582160949707e-01,9.825364947319030762e-01,9.956836700439453125e-01,9.989690780639648438e-01,9.999914765357971191e-01,9.998840689659118652e-01,9.999554753303527832e-01,9.999780058860778809e-01,9.999858736991882324e-01,9.978525638580322266e-01,9.999901652336120605e-01,9.999908804893493652e-01,9.999911189079284668e-01,9.796304702758789062e-01,9.999913573265075684e-01,9.999914169311523438e-01,9.999914169311523438e-01,9.434844851493835449e-01,9.989094734191894531e-01,9.996545910835266113e-01,9.998928904533386230e-01,9.968666434288024902e-01,9.992847442626953125e-01,9.997853636741638184e-01,9.999914765357971191e-01,9.999149441719055176e-01,9.999747276306152344e-01,9.999885559082031250e-01,9.999913573265075684e-01,9.909012913703918457e-01,9.999973177909851074e-01,9.999974370002746582e-01,9.999951720237731934e-01,8.200094699859619141e-01,9.999925494194030762e-01,9.999920725822448730e-01,9.999917149543762207e-01,9.266160130500793457e-01,9.906899333000183105e-01,9.974452853202819824e-01,9.993316531181335449e-01,9.978503584861755371e-01,9.994726181030273438e-01,9.998395442962646484e-01,9.999914765357971191e-01,9.999914765357971191e-01,9.999914765357971191e-01,9.999914765357971191e-01,9.999914765357971191e-01,9.999914765357971191e-01,9.999914765357971191e-01,9.999914765357971191e-01,9.999914765357971191e-01,9.999914765357971191e-01,9.999914765357971191e-01,9.999914765357971191e-01,9.999914765357971191e-01,9.974162578582763672e-01,9.993258118629455566e-01,9.994597434997558594e-01,9.998559951782226562e-01,9.999135136604309082e-01,9.999687075614929199e-01,9.999842047691345215e-01
9.999979138374328613e-01,9.915063381195068359e-01,9.977805018424987793e-01,9.994724392890930176e-01,9.998857378959655762e-01,9.999793171882629395e-01,9.999978542327880859e-01,1.000000000000000000e+00,9.999995231628417969e-01,9.999988079071044922e-01,9.999983906745910645e-01,9.999981522560119629e-01,9.999980926513671875e-01,9.395177960395812988e-01,9.999979138374328613e-01,9.999979138374328613e-01,9.999979138374328613e-01,9.999979138374328613e-01,9.999978542327880859e-01,9.999978542327880859e-01,9.999979138374328613e-01,9.997016787528991699e-01,9.999313354492187500e-01,9.999847412109375000e-01,9.999961853027343750e-01,9.999982714653015137e-01,9.999983310699462891e-01,9.999982714653015137e-01,9.999980926513671875e-01,9.999980330467224121e-01,9.999979138374328613e-01,9.999979138374328613e-01,9.999980330467224121e-01,8.383908271789550781e-01,9.999978542327880859e-01,9.999979138374328613e-01,9.999978542327880859e-01,9.985014796257019043e-01,9.996269345283508301e-01,9.999025464057922363e-01,9.999979138374328613e-01,9.999979138374328613e-01,9.999979138374328613e-01,9.999979138374328613e-01,9.999979138374328613e-01,9.999979138374328613e-01,9.999979138374328613e-01,9.999979138374328613e-01,9.999979138374328613e-01,9.661468863487243652e-01,9.999979138374328613e-01,9.999979138374328613e-01,9.999979138374328613e-01,9.872164726257324219e-01,9.976201057434082031e-01,9.993974566459655762e-01,9.998476505279541016e-01,9.981973171234130859e-01,9.995225071907043457e-01,9.998677372932434082e-01,9.999979138374328613e-01,9.999595284461975098e-01,9.999871850013732910e-01,9.999947547912597656e-01,9.999968409538269043e-01,9.990889430046081543e-01,9.999977946281433105e-01,9.999977946281433105e-01,9.999978542327880859e-01,9.157447814941406250e-01,9.999979138374328613e-01,9.999978542327880859e-01,9.999979138374328613e-01,9.529812932014465332e-01,9.850049018859863281e-01,9.961895942687988281e-01,9.990585446357727051e-01,9.828497767448425293e-01,9.958386421203613281e-01,9.990422129631042480e-01,9.999979138374328613e-01,9.999083876609802246e-01,9.999709129333496094e-01,9.999888539314270020e-01,9.999945759773254395e-01,9.979557394981384277e-01,9.999973177909851074e-01,9.999976158142089844e-01,9.999976754188537598e-01,9.797027707099914551e-01,9.999977946281433105e-01,9.999978542327880859e-01,9.999979138374328613e-01,9.439020156860351562e-01,9.989739060401916504e-01,9.996933937072753906e-01,9.999149441719055176e-01,9.970002770423889160e-01,9.993465542793273926e-01,9.998194575309753418e-01,9.999979138374328613e-01,9.999163150787353516e-01,9.999786019325256348e-01,9.999936223030090332e-01,9.999971389770507812e-01,9.906538128852844238e-01,9.999945759773254395e-01,9.999993443489074707e-01,9.999993443489074707e-01,8.196663260459899902e-01,9.999983906745910645e-01,9.999981522560119629e-01,9.999980330467224121e-01,9.270634055137634277e-01,9.907687306404113770e-01,9.974929690361022949e-01,9.993578791618347168e-01,9.979631304740905762e-01,9.995272159576416016e-01,9.998695254325866699e-01,9.999979138374328613e-01,9.999979138374328613e-01,9.999979138374328613e-01,9.999979138374328613e-01,9.999979138374328613e-01,9.999979138374328613e-01,9.999979138374328613e-01,9.999979138374328613e-01,9.999979138374328613e-01,9.999979138374328613e-01,9.999979138374328613e-01,9.999979138374328613e-01,9.999979138374328613e-01,9.975274205207824707e-01,9.993824958801269531e-01,9.994704127311706543e-01,9.998645186424255371e-01,9.999260306358337402e-01,9.999783039093017578e-01,9.999921917915344238e-01
9.999994635581970215e-01,9.913768172264099121e-01,9.977124333381652832e-01,9.994389414787292480e-01,9.998698830604553223e-01,9.999722838401794434e-01,9.999951720237731934e-01,9.999995231628417969e-01,1.000000000000000000e+00,9.999998211860656738e-01,9.999997019767761230e-01,9.999995231628417969e-01,9.999995231628417969e-01,9.393327236175537109e-01,9.999994635581970215e-01,9.999994635581970215e-01,9.999995231628417969e-01,9.999995231628417969e-01,9.999994635581970215e-01,9.999994635581970215e-01,9.999994635581970215e-01,9.996908307075500488e-01,9.999266266822814941e-01,9.999831318855285645e-01,9.999962449073791504e-01,9.999991059303283691e-01,9.999995231628417969e-01,9.999997019767761230e-01,9.999995231628417969e-01,9.999995231628417969e-01,9.999995231628417969e-01,9.999995231628417969e-01,9.999995231628417969e-01,8.383302688598632812e-01,9.999995231628417969e-01,9.999995231628417969e-01,9.999994635581970215e-01,9.985208511352539062e-01,9.996371269226074219e-01,9.999083876609802246e-01,9.999994635581970215e-01,9.999994635581970215e-01,9.999994635581970215e-01,9.999994635581970215e-01,9.999994635581970215e-01,9.999994635581970215e-01,9.999994635581970215e-01,9.999994635581970215e-01,9.999994635581970215e-01,9.661909937858581543e-01,9.999994635581970215e-01,9.999994635581970215e-01,9.999994635581970215e-01,9.872703552246093750e-01,9.976360797882080078e-01,9.994058609008789062e-01,9.998518824577331543e-01,9.982368350028991699e-01,9.995424151420593262e-01,9.998784661293029785e-01,9.999994635581970215e-01,9.999630451202392578e-01,9.999898076057434082e-01,9.999968409538269043e-01,9.999987483024597168e-01,9.991170763969421387e-01,9.999992847442626953e-01,9.999993443489074707e-01,9.999994635581970215e-01,9.156370162963867188e-01,9.999994635581970215e-01,9.999994635581970215e-01,9.999994635581970215e-01,9.529728293418884277e-01,9.849693775177001953e-01,9.961742758750915527e-01,9.990515708923339844e-01,9.830012917518615723e-01,9.959130287170410156e-01,9.990765452384948730e-01,9.999994635581970215e-01,9.999187588691711426e-01,9.999769330024719238e-01,9.999926686286926270e-01,9.999971985816955566e-01,9.980049133300781250e-01,9.999990463256835938e-01,9.999993443489074707e-01,9.999993443489074707e-01,9.797362685203552246e-01,9.999995231628417969e-01,9.999994635581970215e-01,9.999995231628417969e-01,9.441049098968505859e-01,9.990039467811584473e-01,9.997106194496154785e-01,9.999240040779113770e-01,9.970641136169433594e-01,9.993754029273986816e-01,9.998345375061035156e-01,9.999994635581970215e-01,9.999155402183532715e-01,9.999790191650390625e-01,9.999946951866149902e-01,9.999983906745910645e-01,9.905326366424560547e-01,9.999917149543762207e-01,9.999987483024597168e-01,9.999998211860656738e-01,8.195040822029113770e-01,9.999997019767761230e-01,9.999995231628417969e-01,9.999994635581970215e-01,9.272838234901428223e-01,9.908073544502258301e-01,9.975156188011169434e-01,9.993696212768554688e-01,9.980170130729675293e-01,9.995525479316711426e-01,9.998826980590820312e-01,9.999994635581970215e-01,9.999994635581970215e-01,9.999994635581970215e-01,9.999994635581970215e-01,9.999994635581970215e-01,9.999994635581970215e-01,9.999994635581970215e-01,9.999994635581970215e-01,9.999994635581970215e-01,9.999994635581970215e-01,9.999994635581970215e-01,9.999994635581970215e-01,9.999994635581970215e-01,9.975803494453430176e-01,9.994087219238281250e-01,9.994742870330810547e-01,9.998671412467956543e-01,9.999305605888366699e-01,9.999814033508300781e-01,9.999945759773254395e-01
9.999998211860656738e-01,9.913117289543151855e-01,9.976781010627746582e-01,9.994217753410339355e-01,9.998615384101867676e-01,9.999682903289794922e-01,9.999935030937194824e-01,9.999988079071044922e-01,9.999998211860656738e-01,1.000000000000000000e+00,1.000000000000000000e+00,9.999999403953552246e-01,9.999999403953552246e-01,9.392397999763488770e-01,9.999999403953552246e-01,9.999999403953552246e-01,9.999999403953552246e-01,9.999999403953552246e-01,9.999998211860656738e-01,9.999998211860656738e-01,9.999998211860656738e-01,9.996849894523620605e-01,9.999240040779113770e-01,9.999820590019226074e-01,9.999958872795104980e-01,9.999990463256835938e-01,9.999997615814208984e-01,9.999999403953552246e-01,9.999998211860656738e-01,9.999999403953552246e-01,9.999999403953552246e-01,9.999999403953552246e-01,9.999998211860656738e-01,8.382997512817382812e-01,9.999999403953552246e-01,9.999999403953552246e-01,9.999999403953552246e-01,9.985301494598388672e-01,9.996417164802551270e-01,9.999108314514160156e-01,9.999998211860656738e-01,9.999998211860656738e-01,9.999998211860656738e-01,9.999998211860656738e-01,9.999998211860656738e-01,9.999998211860656738e-01,9.999998211860656738e-01,9.999998211860656738e-01,9.999998211860656738e-01,9.662127494812011719e-01,9.999998211860656738e-01,9.999998211860656738e-01,9.999998211860656738e-01,9.872968196868896484e-01,9.976437091827392578e-01,9.994096755981445312e-01,9.998536109924316406e-01,9.982561469078063965e-01,9.995519518852233887e-01,9.998834133148193359e-01,9.999998211860656738e-01,9.999645352363586426e-01,9.999907016754150391e-01,9.999975562095642090e-01,9.999992251396179199e-01,9.991309046745300293e-01,9.999998211860656738e-01,9.999998211860656738e-01,9.999998211860656738e-01,9.155828952789306641e-01,9.999998211860656738e-01,9.999999403953552246e-01,9.999999403953552246e-01,9.529683589935302734e-01,9.849512577056884766e-01,9.961662292480468750e-01,9.990477561950683594e-01,9.830768108367919922e-01,9.959498047828674316e-01,9.990933537483215332e-01,9.999998211860656738e-01,9.999234676361083984e-01,9.999794960021972656e-01,9.999940991401672363e-01,9.999982714653015137e-01,9.980292320251464844e-01,9.999997019767761230e-01,9.999998211860656738e-01,9.999998211860656738e-01,9.797526001930236816e-01,9.999998211860656738e-01,9.999999403953552246e-01,9.999998211860656738e-01,9.442059993743896484e-01,9.990186691284179688e-01,9.997189044952392578e-01,9.999282956123352051e-01,9.970956444740295410e-01,9.993893504142761230e-01,9.998417496681213379e-01,9.999998211860656738e-01,9.999146461486816406e-01,9.999788403511047363e-01,9.999947547912597656e-01,9.999986290931701660e-01,9.904716610908508301e-01,9.999899268150329590e-01,9.999980330467224121e-01,9.999997019767761230e-01,8.194227218627929688e-01,1.000000000000000000e+00,9.999999403953552246e-01,9.999998211860656738e-01,9.273937344551086426e-01,9.908263087272644043e-01,9.975265860557556152e-01,9.993751645088195801e-01,9.980435967445373535e-01,9.995648860931396484e-01,9.998889565467834473e-01,9.999998211860656738e-01,9.999998211860656738e-01,9.999998211860656738e-01,9.999998211860656738e-01,9.999998211860656738e-01,9.999998211860656738e-01,9.999998211860656738e-01,9.999998211860656738e-01,9.999998211860656738e-01,9.999998211860656738e-01,9.999998211860656738e-01,9.999998211860656738e-01,9.999998211860656738e-01,9.976064562797546387e-01,9.994215369224548340e-01,9.994757771492004395e-01,9.998680949211120605e-01,9.999324679374694824e-01,9.999825954437255859e-01,9.999954104423522949e-01
1.000000000000000000e+00,9.912789463996887207e-01,9.976608753204345703e-01,9.994130730628967285e-01,9.998572468757629395e-01,9.999662041664123535e-01,9.999924302101135254e-01,9.999983906745910645e-01,9.999997019767761230e-01,1.000000000000000000e+00,1.000000000000000000e+00,1.000000000000000000e+00,1.000000000000000000e+00,9.391930699348449707e-01,1.000000000000000000e+00,1.000000000000000000e+00,1.000000000000000000e+00,1.000000000000000000e+00,1.000000000000000000e+00,1.000000000000000000e+00,1.000000000000000000e+00,9.996820092201232910e-01,9.999225139617919922e-01,9.999813437461853027e-01,9.999955296516418457e-01,9.999989867210388184e-01,9.999997615814208984e-01,1.000000000000000000e+00,1.000000000000000000e+00,1.000000000000000000e+00,9.999999403953552246e-01,1.000000000000000000e+00,1.000000000000000000e+00,8.382849693298339844e-01,1.000000000000000000e+00,1.000000000000000000e+00,1.000000000000000000e+00,9.985346794128417969e-01,9.996439814567565918e-01,9.999120831489562988e-01,1.000000000000000000e+00,1.000000000000000000e+00,1.000000000000000000e+00,1.000000000000000000e+00,1.000000000000000000e+00,1.000000000000000000e+00,1.000000000000000000e+00,1.000000000000000000e+00,1.000000000000000000e+00,9.662236571311950684e-01,1.000000000000000000e+00,1.000000000000000000e+00,1.000000000000000000e+00,9.873101115226745605e-01,9.976474642753601074e-01,9.994115829467773438e-01,9.998543262481689453e-01,9.982657432556152344e-01,9.995565414428710938e-01,9.998857378959655762e-01,1.000000000000000000e+00,9.999651908874511719e-01,9.999911189079284668e-01,9.999977946281433105e-01,9.999992847442626953e-01,9.991376399993896484e-01,9.999999403953552246e-01,1.000000000000000000e+00,1.000000000000000000e+00,9.155554771423339844e-01,1.000000000000000000e+00,1.000000000000000000e+00,9.999999403953552246e-01,9.529659748077392578e-01,9.849420189857482910e-01,9.961621165275573730e-01,9.990456104278564453e-01,9.831144213676452637e-01,9.959681630134582520e-01,9.991016387939453125e-01,1.000000000000000000e+00,9.999257922172546387e-01,9.999806880950927734e-01,9.999948143959045410e-01,9.999985694885253906e-01,9.980412125587463379e-01,9.999998211860656738e-01,9.999999403953552246e-01,1.000000000000000000e+00,9.797606468200683594e-01,9.999998211860656738e-01,1.000000000000000000e+00,9.999999403953552246e-01,9.442565441131591797e-01,9.990258812904357910e-01,9.997229576110839844e-01,9.999302029609680176e-01,9.971113204956054688e-01,9.993962645530700684e-01,9.998452067375183105e-01,1.000000000000000000e+00,9.999141693115234375e-01,9.999786019325256348e-01,9.999947547912597656e-01,9.999986290931701660e-01,9.904409050941467285e-01,9.999887943267822266e-01,9.999975562095642090e-01,9.999994635581970215e-01,8.193817138671875000e-01,1.000000000000000000e+00,1.000000000000000000e+00,1.000000000000000000e+00,9.274485707283020020e-01,9.908356070518493652e-01,9.975318908691406250e-01,9.993777275085449219e-01,9.980567097663879395e-01,9.995709061622619629e-01,9.998918175697326660e-01,1.000000000000000000e+00,1.000000000000000000e+00,1.000000000000000000e+00,1.000000000000000000e+00,1.000000000000000000e+00,1.000000000000000000e+00,1.000000000000000000e+00,1.000000000000000000e+00,1.000000000000000000e+00,1.000000000000000000e+00,1.000000000000000000e+00,1.000000000000000000e+00,1.000000000000000000e+00,9.976193308830261230e-01,9.994277954101562500e-01,9.994764328002929688e-01,9.998684525489807129e-01,9.999332427978515625e-01,9.999830722808837891e-01,9.999956488609313965e-01
