1.000000000000000000e+00,9.176496863365173340e-01,9.779374003410339355e-01,9.711077809333801270e-01,9.916443824768066406e-01,8.790370821952819824e-01,9.656313061714172363e-01,9.910750389099121094e-01,9.975612759590148926e-01,9.993455410003662109e-01,9.998359084129333496e-01,9.999588131904602051e-01,9.999897480010986328e-01,9.999974370002746582e-01,9.999993443489074707e-01,9.999998211860656738e-01,9.999999403953552246e-01,1.000000000000000000e+00,1.000000000000000000e+00,1.000000000000000000e+00,1.000000000000000000e+00,9.954532980918884277e-01,9.985819458961486816e-01,9.995726943016052246e-01,9.998555183410644531e-01,9.725041985511779785e-01,9.928267598152160645e-01,9.981434345245361328e-01,9.995028376579284668e-01,9.923052787780761719e-01,9.979999065399169922e-01,9.995070099830627441e-01,9.998826980590820312e-01,9.999721050262451172e-01,9.999933242797851562e-01,9.999982714653015137e-01,9.999995827674865723e-01,9.999998211860656738e-01,1.000000000000000000e+00,1.000000000000000000e+00,1.000000000000000000e+00,1.000000000000000000e+00,1.000000000000000000e+00,1.000000000000000000e+00,1.000000000000000000e+00,8.990795016288757324e-01,9.883656501770019531e-01,9.981043934822082520e-01,9.996371865272521973e-01,9.971725344657897949e-01,9.993078112602233887e-01,9.998431801795959473e-01,9.999622702598571777e-01,9.999908804893493652e-01,9.999977946281433105e-01,9.999994635581970215e-01,9.999999403953552246e-01,1.000000000000000000e+00,1.000000000000000000e+00,1.000000000000000000e+00,1.000000000000000000e+00,1.000000000000000000e+00,1.000000000000000000e+00,1.000000000000000000e+00,1.000000000000000000e+00,9.799857139587402344e-01,9.966214299201965332e-01,9.992195963859558105e-01,9.998081326484680176e-01,9.999393820762634277e-01,9.999848008155822754e-01,9.999962449073791504e-01,9.999990463256835938e-01,9.999997615814208984e-01,1.000000000000000000e+00,1.000000000000000000e+00,1.000000000000000000e+00,1.000000000000000000e+00,1.000000000000000000e+00,1.000000000000000000e+00,1.000000000000000000e+00,1.000000000000000000e+00,1.000000000000000000e+00,1.000000000000000000e+00,1.000000000000000000e+00,9.990440011024475098e-01,9.997361302375793457e-01,9.999284148216247559e-01,9.999818801879882812e-01,9.999954104423522949e-01,9.999988675117492676e-01,9.999997615814208984e-01,9.999999403953552246e-01,1.000000000000000000e+00,1.000000000000000000e+00,1.000000000000000000e+00,1.000000000000000000e+00,1.000000000000000000e+00,1.000000000000000000e+00,1.000000000000000000e+00,1.000000000000000000e+00,1.000000000000000000e+00,1.000000000000000000e+00,1.000000000000000000e+00,1.000000000000000000e+00,9.942932724952697754e-01,9.984571337699890137e-01,9.996128082275390625e-01,9.999038577079772949e-01,9.999759197235107422e-01,9.999939799308776855e-01,9.999985098838806152e-01,9.999995231628417969e-01,1.000000000000000000e+00,9.999999403953552246e-01,1.000000000000000000e+00,1.000000000000000000e+00,1.000000000000000000e+00,1.000000000000000000e+00,1.000000000000000000e+00,1.000000000000000000e+00,1.000000000000000000e+00,1.000000000000000000e+00,1.000000000000000000e+00,1.000000000000000000e+00,9.969361424446105957e-01,9.920961260795593262e-01,9.976940155029296875e-01,9.993565678596496582e-01,9.998304843902587891e-01,9.999573230743408203e-01,9.999893307685852051e-01,9.999973177909851074e-01,9.880018234252929688e-01,9.969132542610168457e-01,9.880721569061279297e-01,9.971043467521667480e-01,9.947426915168762207e-01,9.982385039329528809e-01,9.995369315147399902e-01
9.176496863365173340e-01,1.000000000000000000e+00,9.785060882568359375e-01,8.964473605155944824e-01,9.128052592277526855e-01,9.195979237556457520e-01,9.507252573966979980e-01,9.394464492797851562e-01,9.302701950073242188e-01,9.236068725585937500e-01,9.206134676933288574e-01,9.191517233848571777e-01,9.184023737907409668e-01,9.180244803428649902e-01,9.178354144096374512e-01,9.177426695823669434e-01,9.176961779594421387e-01,9.176729321479797363e-01,9.176612496376037598e-01,9.176554679870605469e-01,9.176496863365173340e-01,9.180538058280944824e-01,9.200859069824218750e-01,9.202649593353271484e-01,9.199866652488708496e-01,9.614385962486267090e-01,9.450960159301757812e-01,9.328913688659667969e-01,9.258928298950195312e-01,8.869678378105163574e-01,9.034452438354492188e-01,9.113681316375732422e-01,9.152147173881530762e-01,9.164972305297851562e-01,9.171112179756164551e-01,9.173819422721862793e-01,9.175160527229309082e-01,9.175829291343688965e-01,9.176161885261535645e-01,9.176328778266906738e-01,9.176496863365173340e-01,9.176496863365173340e-01,9.176496863365173340e-01,9.176496863365173340e-01,9.176496863365173340e-01,8.082453608512878418e-01,8.973307013511657715e-01,9.131109714508056641e-01,9.165360927581787109e-01,8.974687457084655762e-01,9.084827303886413574e-01,9.138603806495666504e-01,9.158198237419128418e-01,9.167693257331848145e-01,9.172218441963195801e-01,9.174358844757080078e-01,9.175427556037902832e-01,9.175961613655090332e-01,9.176229834556579590e-01,9.176363348960876465e-01,9.176496863365173340e-01,9.176496863365173340e-01,9.176496863365173340e-01,9.176496863365173340e-01,9.176496863365173340e-01,8.900195956230163574e-01,9.165909886360168457e-01,9.198530316352844238e-01,9.189479351043701172e-01,9.179139733314514160e-01,9.178168177604675293e-01,9.177444577217102051e-01,9.176978468894958496e-01,9.176738858222961426e-01,9.176618456840515137e-01,9.176557660102844238e-01,9.176526665687561035e-01,9.176511764526367188e-01,9.176504015922546387e-01,9.176499843597412109e-01,9.176496863365173340e-01,9.176496863365173340e-01,9.176496863365173340e-01,9.176496863365173340e-01,9.176496863365173340e-01,9.147787094116210938e-01,9.171707034111022949e-01,9.178140163421630859e-01,9.177424311637878418e-01,9.176965355873107910e-01,9.176726937294006348e-01,9.176613688468933105e-01,9.176556468009948730e-01,9.176526665687561035e-01,9.176511764526367188e-01,9.176504015922546387e-01,9.176500439643859863e-01,9.176498055458068848e-01,9.176497459411621094e-01,9.176497459411621094e-01,9.176496863365173340e-01,9.176496863365173340e-01,9.176496863365173340e-01,9.176496863365173340e-01,9.176496863365173340e-01,9.354984164237976074e-01,9.281160235404968262e-01,9.232065081596374512e-01,9.205009937286376953e-01,9.190919995307922363e-01,9.183754324913024902e-01,9.180136322975158691e-01,9.178318977355957031e-01,9.177408218383789062e-01,9.176952242851257324e-01,9.176724553108215332e-01,9.176610112190246582e-01,9.176552891731262207e-01,9.176524281501770020e-01,9.176511168479919434e-01,9.176496863365173340e-01,9.176496863365173340e-01,9.176496863365173340e-01,9.176496863365173340e-01,9.176496863365173340e-01,9.313529133796691895e-01,9.411832690238952637e-01,9.319949150085449219e-01,9.256636500358581543e-01,9.219043254852294922e-01,9.198061823844909668e-01,9.187304377555847168e-01,9.181923866271972656e-01,8.883675932884216309e-01,9.059304594993591309e-01,9.080171585083007812e-01,9.158881306648254395e-01,8.954314589500427246e-01,9.074120521545410156e-01,9.129045605659484863e-01
9.779374003410339355e-01,9.785060882568359375e-01,1.000000000000000000e+00,9.515722393989562988e-01,9.709413051605224609e-01,9.114440083503723145e-01,9.759022593498229980e-01,9.842360615730285645e-01,9.832356572151184082e-01,9.807453751564025879e-01,9.794373512268066406e-01,9.787201285362243652e-01,9.783350825309753418e-01,9.781365394592285156e-01,9.780362248420715332e-01,9.779869914054870605e-01,9.779621958732604980e-01,9.779497981071472168e-01,9.779435992240905762e-01,9.779404997825622559e-01,9.779374003410339355e-01,9.768506884574890137e-01,9.790999889373779297e-01,9.794202446937561035e-01,9.792713522911071777e-01,9.881169795989990234e-01,9.894891381263732910e-01,9.854643344879150391e-01,9.822919368743896484e-01,9.574779868125915527e-01,9.692552685737609863e-01,9.743099808692932129e-01,9.765732288360595703e-01,9.773013591766357422e-01,9.776384830474853516e-01,9.777894020080566406e-01,9.778637290000915527e-01,9.779006838798522949e-01,9.779190421104431152e-01,9.779281616210937500e-01,9.779374003410339355e-01,9.779374003410339355e-01,9.779374003410339355e-01,9.779374003410339355e-01,9.779374003410339355e-01,8.690071105957031250e-01,9.615367054939270020e-01,9.747317433357238770e-01,9.772931933403015137e-01,9.656760096549987793e-01,9.726798534393310547e-01,9.758394360542297363e-01,9.769398570060729980e-01,9.774573445320129395e-01,9.777027964591979980e-01,9.778203964233398438e-01,9.778789877891540527e-01,9.779081344604492188e-01,9.779227375984191895e-01,9.779300689697265625e-01,9.779374003410339355e-01,9.779374003410339355e-01,9.779374003410339355e-01,9.779374003410339355e-01,9.779374003410339355e-01,9.525299072265625000e-01,9.754436016082763672e-01,9.785661101341247559e-01,9.784547686576843262e-01,9.780740737915039062e-01,9.780271053314208984e-01,9.779885411262512207e-01,9.779638648033142090e-01,9.779508709907531738e-01,9.779441356658935547e-01,9.779407382011413574e-01,9.779389500617980957e-01,9.779381752014160156e-01,9.779377579689025879e-01,9.779375195503234863e-01,9.779374003410339355e-01,9.779374003410339355e-01,9.779374003410339355e-01,9.779374003410339355e-01,9.779374003410339355e-01,9.762122035026550293e-01,9.777207374572753906e-01,9.780831933021545410e-01,9.780256152153015137e-01,9.779841303825378418e-01,9.779611229896545410e-01,9.779494404792785645e-01,9.779434800148010254e-01,9.779403805732727051e-01,9.779389500617980957e-01,9.779381752014160156e-01,9.779377579689025879e-01,9.779375195503234863e-01,9.779374003410339355e-01,9.779374003410339355e-01,9.779374003410339355e-01,9.779374003410339355e-01,9.779374003410339355e-01,9.779374003410339355e-01,9.779374003410339355e-01,9.863283038139343262e-01,9.835929870605468750e-01,9.811179041862487793e-01,9.796073436737060547e-01,9.787918925285339355e-01,9.783700108528137207e-01,9.781550765037536621e-01,9.780464768409729004e-01,9.779920578002929688e-01,9.779646396636962891e-01,9.779510498046875000e-01,9.779441952705383301e-01,9.779407978057861328e-01,9.779390692710876465e-01,9.779382348060607910e-01,9.779374003410339355e-01,9.779374003410339355e-01,9.779374003410339355e-01,9.779374003410339355e-01,9.779374003410339355e-01,9.844338297843933105e-01,9.878479838371276855e-01,9.851773381233215332e-01,9.822759032249450684e-01,9.803145527839660645e-01,9.791631698608398438e-01,9.785569310188293457e-01,9.782497882843017578e-01,9.562227129936218262e-01,9.702232480049133301e-01,9.666556715965270996e-01,9.755746722221374512e-01,9.642264246940612793e-01,9.721310734748840332e-01,9.754511713981628418e-01
9.711077809333801270e-01,8.964473605155944824e-01,9.515722393989562988e-01,1.000000000000000000e+00,9.934785366058349609e-01,8.880804181098937988e-01,9.609696865081787109e-01,9.772307276725769043e-01,9.773254990577697754e-01,9.731122851371765137e-01,9.723336100578308105e-01,9.717607498168945312e-01,9.714436531066894531e-01,9.712772369384765625e-01,9.711923599243164062e-01,9.711502194404602051e-01,9.711291193962097168e-01,9.711183905601501465e-01,9.711130261421203613e-01,9.711105227470397949e-01,9.711077809333801270e-01,9.733559489250183105e-01,9.729960560798645020e-01,9.720519185066223145e-01,9.714045524597167969e-01,9.222731590270996094e-01,9.524914622306823730e-01,9.631938934326171875e-01,9.674834609031677246e-01,9.457074999809265137e-01,9.600389599800109863e-01,9.659207463264465332e-01,9.684935212135314941e-01,9.698638916015625000e-01,9.705061316490173340e-01,9.708082079887390137e-01,9.709582924842834473e-01,9.710331559181213379e-01,9.710704684257507324e-01,9.710891246795654297e-01,9.711077809333801270e-01,9.711077809333801270e-01,9.711077809333801270e-01,9.711077809333801270e-01,9.711077809333801270e-01,9.041995406150817871e-01,9.675787091255187988e-01,9.729520678520202637e-01,9.722576737403869629e-01,9.613599181175231934e-01,9.667412638664245605e-01,9.689409136772155762e-01,9.700977206230163574e-01,9.706212878227233887e-01,9.708659052848815918e-01,9.709873199462890625e-01,9.710476994514465332e-01,9.710777401924133301e-01,9.710927605628967285e-01,9.711002707481384277e-01,9.711077809333801270e-01,9.711077809333801270e-01,9.711077809333801270e-01,9.711077809333801270e-01,9.711077809333801270e-01,9.606220722198486328e-01,9.710960388183593750e-01,9.715119004249572754e-01,9.714825749397277832e-01,9.705734252929687500e-01,9.708533883094787598e-01,9.709839224815368652e-01,9.710467457771301270e-01,9.710774421691894531e-01,9.710927009582519531e-01,9.711002707481384277e-01,9.711040854454040527e-01,9.711058735847473145e-01,9.711068272590637207e-01,9.711073040962219238e-01,9.711077809333801270e-01,9.711077809333801270e-01,9.711077809333801270e-01,9.711077809333801270e-01,9.711077809333801270e-01,9.705799221992492676e-01,9.708840250968933105e-01,9.709526896476745605e-01,9.710451960563659668e-01,9.710793495178222656e-01,9.710941314697265625e-01,9.711012840270996094e-01,9.711045622825622559e-01,9.711060523986816406e-01,9.711070060729980469e-01,9.711073040962219238e-01,9.711076617240905762e-01,9.711077213287353516e-01,9.711077213287353516e-01,9.711077213287353516e-01,9.711077809333801270e-01,9.711077809333801270e-01,9.711077809333801270e-01,9.711077809333801270e-01,9.711077809333801270e-01,9.690888524055480957e-01,9.720688462257385254e-01,9.719783663749694824e-01,9.716073870658874512e-01,9.713749885559082031e-01,9.712471961975097656e-01,9.711790084838867188e-01,9.711437225341796875e-01,9.711257815361022949e-01,9.711168408393859863e-01,9.711123108863830566e-01,9.711101055145263672e-01,9.711089134216308594e-01,9.711083769798278809e-01,9.711080193519592285e-01,9.711077809333801270e-01,9.711077809333801270e-01,9.711077809333801270e-01,9.711077809333801270e-01,9.711077809333801270e-01,9.730978012084960938e-01,9.674329757690429688e-01,9.714293479919433594e-01,9.717665314674377441e-01,9.715356826782226562e-01,9.713659286499023438e-01,9.712477326393127441e-01,9.711807370185852051e-01,9.801580905914306641e-01,9.791228175163269043e-01,9.597773551940917969e-01,9.678849577903747559e-01,9.621927738189697266e-01,9.669337272644042969e-01,9.692806601524353027e-01
9.916443824768066406e-01,9.128052592277526855e-01,9.709413051605224609e-01,9.934785366058349609e-01,1.000000000000000000e+00,8.896386027336120605e-01,9.705460667610168457e-01,9.911804199218750000e-01,9.941477775573730469e-01,9.925907254219055176e-01,9.923166632652282715e-01,9.920220375061035156e-01,9.918432831764221191e-01,9.917459487915039062e-01,9.916954636573791504e-01,9.916700720787048340e-01,9.916572570800781250e-01,9.916508197784423828e-01,9.916475415229797363e-01,9.916459918022155762e-01,9.916443824768066406e-01,9.909566044807434082e-01,9.921612739562988281e-01,9.920561909675598145e-01,9.918004870414733887e-01,9.525153040885925293e-01,9.783420562744140625e-01,9.865830540657043457e-01,9.895057678222656250e-01,9.739370346069335938e-01,9.845466017723083496e-01,9.885285496711730957e-01,9.901459217071533203e-01,9.909455180168151855e-01,9.913096427917480469e-01,9.914784431457519531e-01,9.915618300437927246e-01,9.916031360626220703e-01,9.916238188743591309e-01,9.916340708732604980e-01,9.916443824768066406e-01,9.916443824768066406e-01,9.916443824768066406e-01,9.916443824768066406e-01,9.916443824768066406e-01,9.062712192535400391e-01,9.835250973701477051e-01,9.915358424186706543e-01,9.920098185539245605e-01,9.849298000335693359e-01,9.889069199562072754e-01,9.903840422630310059e-01,9.910745620727539062e-01,9.913740754127502441e-01,9.915108680725097656e-01,9.915781617164611816e-01,9.916113018989562988e-01,9.916278719902038574e-01,9.916360378265380859e-01,9.916402697563171387e-01,9.916443824768066406e-01,9.916443824768066406e-01,9.916443824768066406e-01,9.916443824768066406e-01,9.916443824768066406e-01,9.750679135322570801e-01,9.895734786987304688e-01,9.913232326507568359e-01,9.916715621948242188e-01,9.913020133972167969e-01,9.914867281913757324e-01,9.915688633918762207e-01,9.916076064109802246e-01,9.916262030601501465e-01,9.916353821754455566e-01,9.916398525238037109e-01,9.916421771049499512e-01,9.916431903839111328e-01,9.916439056396484375e-01,9.916440844535827637e-01,9.916443824768066406e-01,9.916443824768066406e-01,9.916443824768066406e-01,9.916443824768066406e-01,9.916443824768066406e-01,9.908173680305480957e-01,9.913638234138488770e-01,9.915142059326171875e-01,9.915957450866699219e-01,9.916238784790039062e-01,9.916350245475769043e-01,9.916399121284484863e-01,9.916422367095947266e-01,9.916432499885559082e-01,9.916439056396484375e-01,9.916439652442932129e-01,9.916442036628723145e-01,9.916443228721618652e-01,9.916443824768066406e-01,9.916443824768066406e-01,9.916443824768066406e-01,9.916443824768066406e-01,9.916443824768066406e-01,9.916443824768066406e-01,9.916443824768066406e-01,9.881964325904846191e-01,9.916391372680664062e-01,9.920412898063659668e-01,9.919278621673583984e-01,9.918076395988464355e-01,9.917320609092712402e-01,9.916896820068359375e-01,9.916673302650451660e-01,9.916560053825378418e-01,9.916501641273498535e-01,9.916473031044006348e-01,9.916458129882812500e-01,9.916450977325439453e-01,9.916446805000305176e-01,9.916445612907409668e-01,9.916443824768066406e-01,9.916443824768066406e-01,9.916443824768066406e-01,9.916443824768066406e-01,9.916443824768066406e-01,9.914115071296691895e-01,9.863460659980773926e-01,9.909885525703430176e-01,9.918419718742370605e-01,9.918749332427978516e-01,9.918043613433837891e-01,9.917356967926025391e-01,9.916929602622985840e-01,9.903302192687988281e-01,9.943049550056457520e-01,9.790965914726257324e-01,9.881888031959533691e-01,9.840775132179260254e-01,9.883947372436523438e-01,9.903594851493835449e-01
8.790370821952819824e-01,9.195979237556457520e-01,9.114440083503723145e-01,8.880804181098937988e-01,8.896386027336120605e-01,1.000000000000000000e+00,9.619226455688476562e-01,9.228903651237487793e-01,9.014248847961425781e-01,8.887127041816711426e-01,8.837556838989257812e-01,8.814053535461425781e-01,8.802208304405212402e-01,8.796271681785583496e-01,8.793306350708007812e-01,8.791838288307189941e-01,8.791103959083557129e-01,8.790737986564636230e-01,8.790554404258728027e-01,8.790462613105773926e-01,8.790370821952819824e-01,8.777434825897216797e-01,8.800396919250488281e-01,8.806276321411132812e-01,8.806247115135192871e-01,8.973471522331237793e-01,8.914427161216735840e-01,8.861515522003173828e-01,8.829240798950195312e-01,8.453130125999450684e-01,8.630291819572448730e-01,8.715966343879699707e-01,8.758723139762878418e-01,8.775334358215332031e-01,8.783347606658935547e-01,8.786876797676086426e-01,8.788625597953796387e-01,8.789498209953308105e-01,8.789934515953063965e-01,8.790152072906494141e-01,8.790370821952819824e-01,8.790370821952819824e-01,8.790370821952819824e-01,8.790370821952819824e-01,8.790370821952819824e-01,7.762621045112609863e-01,8.584325313568115234e-01,8.740200996398925781e-01,8.772825598716735840e-01,8.594388365745544434e-01,8.699145913124084473e-01,8.750834465026855469e-01,8.771352171897888184e-01,8.781310915946960449e-01,8.786010742187500000e-01,8.788190484046936035e-01,8.789281249046325684e-01,8.789825439453125000e-01,8.790097832679748535e-01,8.790233731269836426e-01,8.790370821952819824e-01,8.790370821952819824e-01,8.790370821952819824e-01,8.790370821952819824e-01,8.790370821952819824e-01,8.576665520668029785e-01,8.792577385902404785e-01,8.816108107566833496e-01,8.805127143859863281e-01,8.789739608764648438e-01,8.790505528450012207e-01,8.790585398674011230e-01,8.790485262870788574e-01,8.790429234504699707e-01,8.790400028228759766e-01,8.790385127067565918e-01,8.790377974510192871e-01,8.790373802185058594e-01,8.790372014045715332e-01,8.790371417999267578e-01,8.790370821952819824e-01,8.790370821952819824e-01,8.790370821952819824e-01,8.790370821952819824e-01,8.790370821952819824e-01,8.733994364738464355e-01,8.767775893211364746e-01,8.781740069389343262e-01,8.786094188690185547e-01,8.788225054740905762e-01,8.789291381835937500e-01,8.789831995964050293e-01,8.790101408958435059e-01,8.790236115455627441e-01,8.790302872657775879e-01,8.790337443351745605e-01,8.790352940559387207e-01,8.790361881256103516e-01,8.790366053581237793e-01,8.790368437767028809e-01,8.790370821952819824e-01,8.790370821952819824e-01,8.790370821952819824e-01,8.790370821952819824e-01,8.790370821952819824e-01,8.860384821891784668e-01,8.836087584495544434e-01,8.816083073616027832e-01,8.803801536560058594e-01,8.797230124473571777e-01,8.793845772743225098e-01,8.792120814323425293e-01,8.791248202323913574e-01,8.790809512138366699e-01,8.790590167045593262e-01,8.790480494499206543e-01,8.790425658226013184e-01,8.790397644042968750e-01,8.790383934974670410e-01,8.790377974510192871e-01,8.790370821952819824e-01,8.790370821952819824e-01,8.790370821952819824e-01,8.790370821952819824e-01,8.790370821952819824e-01,8.858304023742675781e-01,8.882654309272766113e-01,8.854416012763977051e-01,8.828111290931701660e-01,8.810731768608093262e-01,8.800806403160095215e-01,8.795623779296875000e-01,8.793017268180847168e-01,8.619599342346191406e-01,8.729658722877502441e-01,8.577530980110168457e-01,8.706218600273132324e-01,8.571782112121582031e-01,8.679497838020324707e-01,8.737604022026062012e-01
9.656313061714172363e-01,9.507252573966979980e-01,9.759022593498229980e-01,9.609696865081787109e-01,9.705460667610168457e-01,9.619226455688476562e-01,1.000000000000000000e+00,9.903967976570129395e-01,9.798068404197692871e-01,9.723894000053405762e-01,9.690631031990051270e-01,9.673755168914794922e-01,9.665090441703796387e-01,9.660708308219909668e-01,9.658506512641906738e-01,9.657410979270935059e-01,9.656861424446105957e-01,9.656588435173034668e-01,9.656450748443603516e-01,9.656382203102111816e-01,9.656313061714172363e-01,9.662577509880065918e-01,9.675130248069763184e-01,9.673898816108703613e-01,9.670283794403076172e-01,9.616468548774719238e-01,9.691129326820373535e-01,9.688540101051330566e-01,9.677249789237976074e-01,9.395344853401184082e-01,9.539896845817565918e-01,9.604249000549316406e-01,9.634348750114440918e-01,9.645950794219970703e-01,9.651400446891784668e-01,9.653870463371276855e-01,9.655095934867858887e-01,9.655705094337463379e-01,9.656009078025817871e-01,9.656162261962890625e-01,9.656313061714172363e-01,9.656313061714172363e-01,9.656313061714172363e-01,9.656313061714172363e-01,9.656313061714172363e-01,8.540980219841003418e-01,9.466542601585388184e-01,9.615694880485534668e-01,9.644306302070617676e-01,9.518869519233703613e-01,9.595354199409484863e-01,9.630562663078308105e-01,9.644092917442321777e-01,9.650444984436035156e-01,9.653439521789550781e-01,9.654879570007324219e-01,9.655596613883972168e-01,9.655955433845520020e-01,9.656134247779846191e-01,9.656223654747009277e-01,9.656313061714172363e-01,9.656313061714172363e-01,9.656313061714172363e-01,9.656313061714172363e-01,9.656313061714172363e-01,9.418172240257263184e-01,9.639276862144470215e-01,9.667347073554992676e-01,9.663855433464050293e-01,9.656767845153808594e-01,9.656775593757629395e-01,9.656613469123840332e-01,9.656472206115722656e-01,9.656394124031066895e-01,9.656354784965515137e-01,9.656334519386291504e-01,9.656323790550231934e-01,9.656317830085754395e-01,9.656315445899963379e-01,9.656314253807067871e-01,9.656313061714172363e-01,9.656313061714172363e-01,9.656313061714172363e-01,9.656313061714172363e-01,9.656313061714172363e-01,9.624655842781066895e-01,9.645295739173889160e-01,9.652841091156005859e-01,9.654707908630371094e-01,9.655533432960510254e-01,9.655926823616027832e-01,9.656122326850891113e-01,9.656218886375427246e-01,9.656265377998352051e-01,9.656289219856262207e-01,9.656301140785217285e-01,9.656307101249694824e-01,9.656310081481933594e-01,9.656311869621276855e-01,9.656312465667724609e-01,9.656313061714172363e-01,9.656313061714172363e-01,9.656313061714172363e-01,9.656313061714172363e-01,9.656313061714172363e-01,9.721800684928894043e-01,9.703022837638854980e-01,9.683203101158142090e-01,9.670546650886535645e-01,9.663625359535217285e-01,9.660024046897888184e-01,9.658182263374328613e-01,9.657251238822937012e-01,9.656783938407897949e-01,9.656548500061035156e-01,9.656429290771484375e-01,9.656372070312500000e-01,9.656342864036560059e-01,9.656328558921813965e-01,9.656321406364440918e-01,9.656313061714172363e-01,9.656313061714172363e-01,9.656313061714172363e-01,9.656313061714172363e-01,9.656313061714172363e-01,9.706642627716064453e-01,9.716712832450866699e-01,9.707447886466979980e-01,9.688081741333007812e-01,9.673869013786315918e-01,9.665453433990478516e-01,9.660954475402832031e-01,9.658659100532531738e-01,9.501920342445373535e-01,9.610165953636169434e-01,9.470407962799072266e-01,9.590962529182434082e-01,9.499013423919677734e-01,9.579946994781494141e-01,9.621639847755432129e-01
9.910750389099121094e-01,9.394464492797851562e-01,9.842360615730285645e-01,9.772307276725769043e-01,9.911804199218750000e-01,9.228903651237487793e-01,9.903967976570129395e-01,1.000000000000000000e+00,9.977815747261047363e-01,9.945965409278869629e-01,9.929620623588562012e-01,9.920557141304016113e-01,9.915740489959716797e-01,9.913263320922851562e-01,9.912008643150329590e-01,9.911381602287292480e-01,9.911065101623535156e-01,9.910907745361328125e-01,9.910829663276672363e-01,9.910790324211120605e-01,9.910750389099121094e-01,9.904813766479492188e-01,9.920835494995117188e-01,9.921267628669738770e-01,9.918849468231201172e-01,9.733023643493652344e-01,9.884000420570373535e-01,9.913818240165710449e-01,9.917019009590148926e-01,9.729799628257751465e-01,9.836919307708740234e-01,9.879539012908935547e-01,9.897803664207458496e-01,9.904754757881164551e-01,9.907917976379394531e-01,9.909350275993347168e-01,9.910054206848144531e-01,9.910402894020080566e-01,9.910576939582824707e-01,9.910664558410644531e-01,9.910750389099121094e-01,9.910750389099121094e-01,9.910750389099121094e-01,9.910750389099121094e-01,9.910750389099121094e-01,8.829510807991027832e-01,9.754655957221984863e-01,9.881303906440734863e-01,9.903333783149719238e-01,9.823298454284667969e-01,9.874661564826965332e-01,9.896017909049987793e-01,9.903935790061950684e-01,9.907507300376892090e-01,9.909164309501647949e-01,9.909961223602294922e-01,9.910356402397155762e-01,9.910554289817810059e-01,9.910652041435241699e-01,9.910702109336853027e-01,9.910750389099121094e-01,9.910750389099121094e-01,9.910750389099121094e-01,9.910750389099121094e-01,9.910750389099121094e-01,9.683563113212585449e-01,9.882950186729431152e-01,9.911201000213623047e-01,9.912990927696228027e-01,9.910228252410888672e-01,9.910668730735778809e-01,9.910758137702941895e-01,9.910764098167419434e-01,9.910759925842285156e-01,9.910755157470703125e-01,9.910752773284912109e-01,9.910752177238464355e-01,9.910750985145568848e-01,9.910750389099121094e-01,9.910750985145568848e-01,9.910750389099121094e-01,9.910750389099121094e-01,9.910750389099121094e-01,9.910750389099121094e-01,9.910750389099121094e-01,9.894587993621826172e-01,9.906333088874816895e-01,9.909868240356445312e-01,9.910472035408020020e-01,9.910648465156555176e-01,9.910708069801330566e-01,9.910731911659240723e-01,9.910742640495300293e-01,9.910747408866882324e-01,9.910748600959777832e-01,9.910749793052673340e-01,9.910749793052673340e-01,9.910750389099121094e-01,9.910750389099121094e-01,9.910750389099121094e-01,9.910750389099121094e-01,9.910750389099121094e-01,9.910750389099121094e-01,9.910750389099121094e-01,9.910750389099121094e-01,9.922373294830322266e-01,9.931122660636901855e-01,9.924705624580383301e-01,9.918563961982727051e-01,9.914868474006652832e-01,9.912869334220886230e-01,9.911825060844421387e-01,9.911291003227233887e-01,9.911022186279296875e-01,9.910886287689208984e-01,9.910817742347717285e-01,9.910785555839538574e-01,9.910767674446105957e-01,9.910758137702941895e-01,9.910755157470703125e-01,9.910750389099121094e-01,9.910750389099121094e-01,9.910750389099121094e-01,9.910750389099121094e-01,9.910750389099121094e-01,9.925251007080078125e-01,9.907290935516357422e-01,9.929288029670715332e-01,9.926014542579650879e-01,9.919993877410888672e-01,9.915778040885925293e-01,9.913354516029357910e-01,9.912078976631164551e-01,9.784684777259826660e-01,9.879713058471679688e-01,9.760520458221435547e-01,9.865408539772033691e-01,9.804400801658630371e-01,9.862884879112243652e-01,9.890701770782470703e-01
9.975612759590148926e-01,9.302701950073242188e-01,9.832356572151184082e-01,9.773254990577697754e-01,9.941477775573730469e-01,9.014248847961425781e-01,9.798068404197692871e-01,9.977815747261047363e-01,1.000000000000000000e+00,9.991973042488098145e-01,9.985327124595642090e-01,9.980869293212890625e-01,9.978336691856384277e-01,9.976995587348937988e-01,9.976308345794677734e-01,9.975960850715637207e-01,9.975787997245788574e-01,9.975700378417968750e-01,9.975655674934387207e-01,9.975634217262268066e-01,9.975612759590148926e-01,9.955815672874450684e-01,9.976954460144042969e-01,9.980521798133850098e-01,9.979868531227111816e-01,9.745014309883117676e-01,9.924860596656799316e-01,9.967301487922668457e-01,9.976105093955993652e-01,9.842770695686340332e-01,9.926897883415222168e-01,9.956720471382141113e-01,9.968180656433105469e-01,9.972299933433532715e-01,9.974073767662048340e-01,9.974858760833740234e-01,9.975239634513854980e-01,9.975426793098449707e-01,9.975519776344299316e-01,9.975566864013671875e-01,9.975612759590148926e-01,9.975612759590148926e-01,9.975612759590148926e-01,9.975612759590148926e-01,9.975612759590148926e-01,8.923118114471435547e-01,9.837237000465393066e-01,9.951350688934326172e-01,9.970229268074035645e-01,9.916494488716125488e-01,9.953553080558776855e-01,9.967231750488281250e-01,9.971912503242492676e-01,9.973890185356140137e-01,9.974775314331054688e-01,9.975199699401855469e-01,9.975407123565673828e-01,9.975509643554687500e-01,9.975561499595642090e-01,9.975586533546447754e-01,9.975612759590148926e-01,9.975612759590148926e-01,9.975612759590148926e-01,9.975612759590148926e-01,9.975612759590148926e-01,9.756484031677246094e-01,9.943395256996154785e-01,9.971454143524169922e-01,9.975531697273254395e-01,9.974894523620605469e-01,9.975409507751464844e-01,9.975550770759582520e-01,9.975590705871582031e-01,9.975604414939880371e-01,9.975609183311462402e-01,9.975610375404357910e-01,9.975612163543701172e-01,9.975612163543701172e-01,9.975612759590148926e-01,9.975612759590148926e-01,9.975612759590148926e-01,9.975612759590148926e-01,9.975612759590148926e-01,9.975612759590148926e-01,9.975612759590148926e-01,9.964285492897033691e-01,9.973019957542419434e-01,9.975311160087585449e-01,9.975633621215820312e-01,9.975664615631103516e-01,9.975647330284118652e-01,9.975633621215820312e-01,9.975623488426208496e-01,9.975618720054626465e-01,9.975614547729492188e-01,9.975614547729492188e-01,9.975612759590148926e-01,9.975612759590148926e-01,9.975612759590148926e-01,9.975612759590148926e-01,9.975612759590148926e-01,9.975612759590148926e-01,9.975612759590148926e-01,9.975612759590148926e-01,9.975612759590148926e-01,9.956898689270019531e-01,9.980512261390686035e-01,9.981901645660400391e-01,9.979662895202636719e-01,9.977862834930419922e-01,9.976796507835388184e-01,9.976220130920410156e-01,9.975919723510742188e-01,9.975767135620117188e-01,9.975690245628356934e-01,9.975650906562805176e-01,9.975631833076477051e-01,9.975623488426208496e-01,9.975616931915283203e-01,9.975614547729492188e-01,9.975612759590148926e-01,9.975612759590148926e-01,9.975612759590148926e-01,9.975612759590148926e-01,9.975612759590148926e-01,9.968130588531494141e-01,9.935802817344665527e-01,9.974628090858459473e-01,9.980775713920593262e-01,9.979779720306396484e-01,9.978111386299133301e-01,9.976961016654968262e-01,9.976313114166259766e-01,9.854972958564758301e-01,9.946462512016296387e-01,9.843606352806091309e-01,9.940712451934814453e-01,9.897740483283996582e-01,9.943600296974182129e-01,9.963650107383728027e-01
9.993455410003662109e-01,9.236068725585937500e-01,9.807453751564025879e-01,9.731122851371765137e-01,9.925907254219055176e-01,8.887127041816711426e-01,9.723894000053405762e-01,9.945965409278869629e-01,9.991973042488098145e-01,1.000000000000000000e+00,9.998355507850646973e-01,9.996315836906433105e-01,9.994986653327941895e-01,9.994244575500488281e-01,9.993855357170104980e-01,9.993656277656555176e-01,9.993556141853332520e-01,9.993505477905273438e-01,9.993481040000915527e-01,9.993469119071960449e-01,9.993455410003662109e-01,9.965818524360656738e-01,9.989976882934570312e-01,9.995505809783935547e-01,9.995932579040527344e-01,9.742599129676818848e-01,9.933443069458007812e-01,9.980885982513427734e-01,9.991824626922607422e-01,9.896128177642822266e-01,9.963142275810241699e-01,9.983760714530944824e-01,9.990388751029968262e-01,9.992249011993408203e-01,9.992930293083190918e-01,9.993208050727844238e-01,9.993336796760559082e-01,9.993397593498229980e-01,9.993426799774169922e-01,9.993440508842468262e-01,9.993455410003662109e-01,9.993455410003662109e-01,9.993455410003662109e-01,9.993455410003662109e-01,9.993455410003662109e-01,8.926431536674499512e-01,9.854881763458251953e-01,9.967508912086486816e-01,9.987254142761230469e-01,9.954013824462890625e-01,9.981264472007751465e-01,9.989778995513916016e-01,9.992038607597351074e-01,9.992845058441162109e-01,9.993169307708740234e-01,9.993317723274230957e-01,9.993388056755065918e-01,9.993422031402587891e-01,9.993438720703125000e-01,9.993447661399841309e-01,9.993455410003662109e-01,9.993455410003662109e-01,9.993455410003662109e-01,9.993455410003662109e-01,9.993455410003662109e-01,9.777625203132629395e-01,9.959442615509033203e-01,9.987480044364929199e-01,9.992468953132629395e-01,9.993353486061096191e-01,9.993548989295959473e-01,9.993538260459899902e-01,9.993506073951721191e-01,9.993482232093811035e-01,9.993469715118408203e-01,9.993462562561035156e-01,9.993459582328796387e-01,9.993457794189453125e-01,9.993457198143005371e-01,9.993457198143005371e-01,9.993455410003662109e-01,9.993455410003662109e-01,9.993455410003662109e-01,9.993455410003662109e-01,9.993455410003662109e-01,9.984331130981445312e-01,9.991696476936340332e-01,9.993464350700378418e-01,9.993636012077331543e-01,9.993588924407958984e-01,9.993532299995422363e-01,9.993497729301452637e-01,9.993477463722229004e-01,9.993467330932617188e-01,9.993460774421691895e-01,9.993457794189453125e-01,9.993457198143005371e-01,9.993456006050109863e-01,9.993455410003662109e-01,9.993457198143005371e-01,9.993455410003662109e-01,9.993455410003662109e-01,9.993455410003662109e-01,9.993455410003662109e-01,9.993455410003662109e-01,9.958696961402893066e-01,9.989795088768005371e-01,9.995512962341308594e-01,9.995443224906921387e-01,9.994686245918273926e-01,9.994130730628967285e-01,9.993808269500732422e-01,9.993636012077331543e-01,9.993546605110168457e-01,9.993501305580139160e-01,9.993478655815124512e-01,9.993467330932617188e-01,9.993461966514587402e-01,9.993457794189453125e-01,9.993457198143005371e-01,9.993455410003662109e-01,9.993455410003662109e-01,9.993455410003662109e-01,9.993455410003662109e-01,9.993455410003662109e-01,9.972050786018371582e-01,9.931965470314025879e-01,9.980813860893249512e-01,9.992678165435791016e-01,9.994685053825378418e-01,9.994489550590515137e-01,9.994074702262878418e-01,9.993792176246643066e-01,9.866601824760437012e-01,9.960238337516784668e-01,9.871022701263427734e-01,9.963873028755187988e-01,9.930739402770996094e-01,9.969503283500671387e-01,9.985665678977966309e-01
9.998359084129333496e-01,9.206134676933288574e-01,9.794373512268066406e-01,9.723336100578308105e-01,9.923166632652282715e-01,8.837556838989257812e-01,9.690631031990051270e-01,9.929620623588562012e-01,9.985327124595642090e-01,9.998355507850646973e-01,1.000000000000000000e+00,9.999589920043945312e-01,9.999076724052429199e-01,9.998742938041687012e-01,9.998556971549987793e-01,9.998459219932556152e-01,9.998409152030944824e-01,9.998384118080139160e-01,9.998371601104736328e-01,9.998364448547363281e-01,9.998359084129333496e-01,9.962232708930969238e-01,9.989748597145080566e-01,9.997345805168151855e-01,9.998912811279296875e-01,9.734268188476562500e-01,9.931936860084533691e-01,9.982535243034362793e-01,9.994940757751464844e-01,9.911138415336608887e-01,9.973168373107910156e-01,9.991032481193542480e-01,9.996224045753479004e-01,9.997608661651611328e-01,9.998057484626770020e-01,9.998223781585693359e-01,9.998295903205871582e-01,9.998328089714050293e-01,9.998343586921691895e-01,9.998350739479064941e-01,9.998359084129333496e-01,9.998359084129333496e-01,9.998359084129333496e-01,9.998359084129333496e-01,9.998359084129333496e-01,8.960090279579162598e-01,9.870922565460205078e-01,9.975941777229309082e-01,9.993469715118408203e-01,9.964577555656433105e-01,9.988837242126464844e-01,9.995746612548828125e-01,9.997466206550598145e-01,9.998009204864501953e-01,9.998204708099365234e-01,9.998287558555603027e-01,9.998323917388916016e-01,9.998342394828796387e-01,9.998350143432617188e-01,9.998354315757751465e-01,9.998359084129333496e-01,9.998359084129333496e-01,9.998359084129333496e-01,9.998359084129333496e-01,9.998359084129333496e-01,9.790463447570800781e-01,9.964466691017150879e-01,9.991453289985656738e-01,9.996897578239440918e-01,9.998008608818054199e-01,9.998330473899841309e-01,9.998381137847900391e-01,9.998379349708557129e-01,9.998371601104736328e-01,9.998365044593811035e-01,9.998361468315124512e-01,9.998359680175781250e-01,9.998359680175781250e-01,9.998359680175781250e-01,9.998359680175781250e-01,9.998359084129333496e-01,9.998359084129333496e-01,9.998359084129333496e-01,9.998359084129333496e-01,9.998359084129333496e-01,9.989159703254699707e-01,9.996226429939270020e-01,9.998033642768859863e-01,9.998372197151184082e-01,9.998410344123840332e-01,9.998396039009094238e-01,9.998379349708557129e-01,9.998369812965393066e-01,9.998363852500915527e-01,9.998362660408020020e-01,9.998359680175781250e-01,9.998359680175781250e-01,9.998359084129333496e-01,9.998359084129333496e-01,9.998359084129333496e-01,9.998359084129333496e-01,9.998359084129333496e-01,9.998359084129333496e-01,9.998359084129333496e-01,9.998359084129333496e-01,9.952697157859802246e-01,9.988953471183776855e-01,9.997523427009582520e-01,9.998905658721923828e-01,9.998871684074401855e-01,9.998674392700195312e-01,9.998531937599182129e-01,9.998448491096496582e-01,9.998404979705810547e-01,9.998381733894348145e-01,9.998371005058288574e-01,9.998365044593811035e-01,9.998361468315124512e-01,9.998359680175781250e-01,9.998359680175781250e-01,9.998359084129333496e-01,9.998359084129333496e-01,9.998359084129333496e-01,9.998359084129333496e-01,9.998359084129333496e-01,9.972439408302307129e-01,9.928181171417236328e-01,9.980578422546386719e-01,9.994789958000183105e-01,9.998143315315246582e-01,9.998671412467956543e-01,9.998619556427001953e-01,9.998515248298645020e-01,9.875369668006896973e-01,9.966562390327453613e-01,9.877551198005676270e-01,9.969136714935302734e-01,9.940940737724304199e-01,9.977675080299377441e-01,9.992198348045349121e-01
