1.000000000000000000e+00,8.554503321647644043e-01,9.955158829689025879e-01,9.926269650459289551e-01,9.985201954841613770e-01,9.751005768775939941e-01,9.933428764343261719e-01,9.982223510742187500e-01,9.995490908622741699e-01,9.999170303344726562e-01,9.999706745147705078e-01,9.999907612800598145e-01,9.999976754188537598e-01,9.999993443489074707e-01,9.999998211860656738e-01,1.000000000000000000e+00,1.000000000000000000e+00,9.473493695259094238e-01,1.000000000000000000e+00,1.000000000000000000e+00,1.000000000000000000e+00,8.691350817680358887e-01,9.972129464149475098e-01,9.993516802787780762e-01,9.998436570167541504e-01,9.837171435356140137e-01,9.986362457275390625e-01,9.996711611747741699e-01,9.999200701713562012e-01,9.965348243713378906e-01,9.991602897644042969e-01,9.997900128364562988e-01,9.999461174011230469e-01,9.999863505363464355e-01,9.999966025352478027e-01,9.999991059303283691e-01,9.999997615814208984e-01,9.919335842132568359e-01,9.999998211860656738e-01,1.000000000000000000e+00,1.000000000000000000e+00,8.614585995674133301e-01,1.000000000000000000e+00,1.000000000000000000e+00,1.000000000000000000e+00,9.757393002510070801e-01,9.952669739723205566e-01,9.980961680412292480e-01,9.994799494743347168e-01,9.982348084449768066e-01,9.995540976524353027e-01,9.998858571052551270e-01,9.999709725379943848e-01,9.999926686286926270e-01,9.999981522560119629e-01,9.999995231628417969e-01,1.000000000000000000e+00,9.999998211860656738e-01,9.999999403953552246e-01,1.000000000000000000e+00,1.000000000000000000e+00,9.786649346351623535e-01,1.000000000000000000e+00,1.000000000000000000e+00,1.000000000000000000e+00,9.961371421813964844e-01,9.990315437316894531e-01,9.997186064720153809e-01,9.999061226844787598e-01,9.999436736106872559e-01,9.999849200248718262e-01,9.999961853027343750e-01,9.999990463256835938e-01,9.999997019767761230e-01,1.000000000000000000e+00,9.999999403953552246e-01,1.000000000000000000e+00,1.000000000000000000e+00,1.000000119209289551e+00,1.000000000000000000e+00,1.000000000000000000e+00,9.996898770332336426e-01,1.000000000000000000e+00,1.000000000000000000e+00,1.000000000000000000e+00,9.972024559974670410e-01,9.992932677268981934e-01,9.998223185539245605e-01,9.999551177024841309e-01,9.999887943267822266e-01,9.999973177909851074e-01,9.999992251396179199e-01,9.999998211860656738e-01,1.000000000000000000e+00,1.000000000000000000e+00,1.000000000000000000e+00,1.000000000000000000e+00,1.000000000000000000e+00,1.000000000000000000e+00,1.000000000000000000e+00,1.000000000000000000e+00,9.980266094207763672e-01,1.000000000000000000e+00,1.000000000000000000e+00,1.000000000000000000e+00,9.991347193717956543e-01,9.997802376747131348e-01,9.999418854713439941e-01,9.999851584434509277e-01,9.999963641166687012e-01,9.999992251396179199e-01,9.999998211860656738e-01,1.000000000000000000e+00,9.999999403953552246e-01,9.999998211860656738e-01,1.000000000000000000e+00,1.000000000000000000e+00,1.000000000000000000e+00,1.000000000000000000e+00,1.000000000000000000e+00,1.000000000000000000e+00,1.000000000000000000e+00,1.000000000000000000e+00,1.000000000000000000e+00,1.000000000000000000e+00,9.987676143646240234e-01,9.943777918815612793e-01,9.988517761230468750e-01,9.997349381446838379e-01,9.999291300773620605e-01,9.999811053276062012e-01,9.999948143959045410e-01,9.999987483024597168e-01,9.873401522636413574e-01,9.989420771598815918e-01,9.915269017219543457e-01,9.982746243476867676e-01,9.924613833427429199e-01,9.983062744140625000e-01,9.995756745338439941e-01
8.554503321647644043e-01,1.000000000000000000e+00,8.735315799713134766e-01,8.749399185180664062e-01,8.651907444000244141e-01,8.504424095153808594e-01,8.517997860908508301e-01,8.534540534019470215e-01,8.536977171897888184e-01,8.547051548957824707e-01,8.546602129936218262e-01,8.549036979675292969e-01,8.551774024963378906e-01,8.553142547607421875e-01,8.553826212882995605e-01,8.554167747497558594e-01,8.554336428642272949e-01,8.270905613899230957e-01,8.554462790489196777e-01,8.554482460021972656e-01,8.554503321647644043e-01,8.824366927146911621e-01,8.739757537841796875e-01,8.648857474327087402e-01,8.601931929588317871e-01,8.625051975250244141e-01,8.655030727386474609e-01,8.601886630058288574e-01,8.578106760978698730e-01,8.524915575981140137e-01,8.542073369026184082e-01,8.550238013267517090e-01,8.552877902984619141e-01,8.553892970085144043e-01,8.554227948188781738e-01,8.554373383522033691e-01,8.554440140724182129e-01,8.739171028137207031e-01,8.554489016532897949e-01,8.554496765136718750e-01,8.554503321647644043e-01,7.265993952751159668e-01,8.554503321647644043e-01,8.554503321647644043e-01,8.554503321647644043e-01,8.017776012420654297e-01,8.350488543510437012e-01,8.423460125923156738e-01,8.482196331024169922e-01,8.481656908988952637e-01,8.519859910011291504e-01,8.537828922271728516e-01,8.546321392059326172e-01,8.550441861152648926e-01,8.552483916282653809e-01,8.553496003150939941e-01,8.554001450538635254e-01,8.554252982139587402e-01,8.554379343986511230e-01,8.554441332817077637e-01,8.554503321647644043e-01,8.432747721672058105e-01,8.554503321647644043e-01,8.554503321647644043e-01,8.554503321647644043e-01,8.467588424682617188e-01,8.505905270576477051e-01,8.521065711975097656e-01,8.533166050910949707e-01,8.544757962226867676e-01,8.549623489379882812e-01,8.552093505859375000e-01,8.553306460380554199e-01,8.553907275199890137e-01,8.554206490516662598e-01,8.554355502128601074e-01,8.554430603981018066e-01,8.554466366767883301e-01,8.554485440254211426e-01,8.554494976997375488e-01,8.554503321647644043e-01,8.558216691017150879e-01,8.554503321647644043e-01,8.554503321647644043e-01,8.554503321647644043e-01,8.638601899147033691e-01,8.598855137825012207e-01,8.578044772148132324e-01,8.566552996635437012e-01,8.560627102851867676e-01,8.557590842247009277e-01,8.556053042411804199e-01,8.555280566215515137e-01,8.554893136024475098e-01,8.554698824882507324e-01,8.554601669311523438e-01,8.554553985595703125e-01,8.554528355598449707e-01,8.554516434669494629e-01,8.554511070251464844e-01,8.554503321647644043e-01,8.528059124946594238e-01,8.554503321647644043e-01,8.554503321647644043e-01,8.554503321647644043e-01,8.629949688911437988e-01,8.584926724433898926e-01,8.565886616706848145e-01,8.559662699699401855e-01,8.557105064392089844e-01,8.555812835693359375e-01,8.555162549018859863e-01,8.554835319519042969e-01,8.554669022560119629e-01,8.554587364196777344e-01,8.554546236991882324e-01,8.554524779319763184e-01,8.554515242576599121e-01,8.554509282112121582e-01,8.554508090019226074e-01,8.554503321647644043e-01,8.554503321647644043e-01,8.554503321647644043e-01,8.554503321647644043e-01,8.554503321647644043e-01,8.648803830146789551e-01,8.768734335899353027e-01,8.656625151634216309e-01,8.599699139595031738e-01,8.574863076210021973e-01,8.564422130584716797e-01,8.559336066246032715e-01,8.556887507438659668e-01,8.441388010978698730e-01,8.525053858757019043e-01,8.806095123291015625e-01,8.671622872352600098e-01,8.596618771553039551e-01,8.589897751808166504e-01,8.577272891998291016e-01
9.955158829689025879e-01,8.735315799713134766e-01,1.000000000000000000e+00,9.862928390502929688e-01,9.935841560363769531e-01,9.748943448066711426e-01,9.910476803779602051e-01,9.949072003364562988e-01,9.957056045532226562e-01,9.956512451171875000e-01,9.956657886505126953e-01,9.956173896789550781e-01,9.955689311027526855e-01,9.955427050590515137e-01,9.955291748046875000e-01,9.955224394798278809e-01,9.955192208290100098e-01,9.587733149528503418e-01,9.955167770385742188e-01,9.955164790153503418e-01,9.955158829689025879e-01,8.585698604583740234e-01,9.914738535881042480e-01,9.942327141761779785e-01,9.950371384620666504e-01,9.801599383354187012e-01,9.968030452728271484e-01,9.964717030525207520e-01,9.960574507713317871e-01,9.905285835266113281e-01,9.939973354339599609e-01,9.949836134910583496e-01,9.953038096427917480e-01,9.954271316528320312e-01,9.954749941825866699e-01,9.954963326454162598e-01,9.955064654350280762e-01,9.852723479270935059e-01,9.955136179924011230e-01,9.955148696899414062e-01,9.955158829689025879e-01,8.816067576408386230e-01,9.955158829689025879e-01,9.955158829689025879e-01,9.955158829689025879e-01,9.800698757171630859e-01,9.942679405212402344e-01,9.958145618438720703e-01,9.960454106330871582e-01,9.933825135231018066e-01,9.949570298194885254e-01,9.953486323356628418e-01,9.954609870910644531e-01,9.954953193664550781e-01,9.955074787139892578e-01,9.955122470855712891e-01,9.955143332481384277e-01,9.955151081085205078e-01,9.955155253410339355e-01,9.955158233642578125e-01,9.955158829689025879e-01,9.723969101905822754e-01,9.955158829689025879e-01,9.955158829689025879e-01,9.955158829689025879e-01,9.899058341979980469e-01,9.933640360832214355e-01,9.945306777954101562e-01,9.950994849205017090e-01,9.949790835380554199e-01,9.952545762062072754e-01,9.953888058662414551e-01,9.954532980918884277e-01,9.954848289489746094e-01,9.955005645751953125e-01,9.955081939697265625e-01,9.955121874809265137e-01,9.955140948295593262e-01,9.955150485038757324e-01,9.955155253410339355e-01,9.955158829689025879e-01,9.942245483398437500e-01,9.955158829689025879e-01,9.955158829689025879e-01,9.955158829689025879e-01,9.904705882072448730e-01,9.936029911041259766e-01,9.947285652160644531e-01,9.951617121696472168e-01,9.953504204750061035e-01,9.954360127449035645e-01,9.954767227172851562e-01,9.954965710639953613e-01,9.955063462257385254e-01,9.955112338066101074e-01,9.955136179924011230e-01,9.955146908760070801e-01,9.955153465270996094e-01,9.955157637596130371e-01,9.955158233642578125e-01,9.955158829689025879e-01,9.953492283821105957e-01,9.955158829689025879e-01,9.955158829689025879e-01,9.955158829689025879e-01,9.952540397644042969e-01,9.956243634223937988e-01,9.956870079040527344e-01,9.956257343292236328e-01,9.955741763114929199e-01,9.955458045005798340e-01,9.955308437347412109e-01,9.955233931541442871e-01,9.955196380615234375e-01,9.955179095268249512e-01,9.955169558525085449e-01,9.955164790153503418e-01,9.955163002014160156e-01,9.955162405967712402e-01,9.955160021781921387e-01,9.955158829689025879e-01,9.955158829689025879e-01,9.955158829689025879e-01,9.955158829689025879e-01,9.955158829689025879e-01,9.949081540107727051e-01,9.895376563072204590e-01,9.942469000816345215e-01,9.952177405357360840e-01,9.954226613044738770e-01,9.954801201820373535e-01,9.954950213432312012e-01,9.955043196678161621e-01,9.779738783836364746e-01,9.934885501861572266e-01,9.895585179328918457e-01,9.955255389213562012e-01,9.850953221321105957e-01,9.925723075866699219e-01,9.945192337036132812e-01
9.926269650459289551e-01,8.749399185180664062e-01,9.862928390502929688e-01,1.000000000000000000e+00,9.975450634956359863e-01,9.777178764343261719e-01,9.905450344085693359e-01,9.929502606391906738e-01,9.929383397102355957e-01,9.928377270698547363e-01,9.926654696464538574e-01,9.926163554191589355e-01,9.926245212554931641e-01,9.926271438598632812e-01,9.926282763481140137e-01,9.926285743713378906e-01,9.926277995109558105e-01,9.384576678276062012e-01,9.926270842552185059e-01,9.926269650459289551e-01,9.926269650459289551e-01,8.880328536033630371e-01,9.950976371765136719e-01,9.945140480995178223e-01,9.937184453010559082e-01,9.825006127357482910e-01,9.927018284797668457e-01,9.929088950157165527e-01,9.928376078605651855e-01,9.907085895538330078e-01,9.923183321952819824e-01,9.926742911338806152e-01,9.926881194114685059e-01,9.926605820655822754e-01,9.926471710205078125e-01,9.926379323005676270e-01,9.926325678825378418e-01,9.913339018821716309e-01,9.926283359527587891e-01,9.926276206970214844e-01,9.926269650459289551e-01,8.468031287193298340e-01,9.926269650459289551e-01,9.926269650459289551e-01,9.926269650459289551e-01,9.599914550781250000e-01,9.837988018989562988e-01,9.875114560127258301e-01,9.903936982154846191e-01,9.909589886665344238e-01,9.921326637268066406e-01,9.924718737602233887e-01,9.925671219825744629e-01,9.926024079322814941e-01,9.926164150238037109e-01,9.926221370697021484e-01,9.926245808601379395e-01,9.926257133483886719e-01,9.926263689994812012e-01,9.926266670227050781e-01,9.926269650459289551e-01,9.789759516716003418e-01,9.926269650459289551e-01,9.926269650459289551e-01,9.926269650459289551e-01,9.904419779777526855e-01,9.924018979072570801e-01,9.926615357398986816e-01,9.925962090492248535e-01,9.927863478660583496e-01,9.927222132682800293e-01,9.926783442497253418e-01,9.926535487174987793e-01,9.926404953002929688e-01,9.926338195800781250e-01,9.926303029060363770e-01,9.926286339759826660e-01,9.926277995109558105e-01,9.926273226737976074e-01,9.926271438598632812e-01,9.926269650459289551e-01,9.929841160774230957e-01,9.926269650459289551e-01,9.926269650459289551e-01,9.926269650459289551e-01,9.923999309539794922e-01,9.932432174682617188e-01,9.931140542030334473e-01,9.929167628288269043e-01,9.927830100059509277e-01,9.927076697349548340e-01,9.926680922508239746e-01,9.926477074623107910e-01,9.926373362541198730e-01,9.926320910453796387e-01,9.926295876502990723e-01,9.926281571388244629e-01,9.926275610923767090e-01,9.926273226737976074e-01,9.926271438598632812e-01,9.926269650459289551e-01,9.881191253662109375e-01,9.926269650459289551e-01,9.926269650459289551e-01,9.926269650459289551e-01,9.928306937217712402e-01,9.928166270256042480e-01,9.926547408103942871e-01,9.926401972770690918e-01,9.926381111145019531e-01,9.926344752311706543e-01,9.926319122314453125e-01,9.926299452781677246e-01,9.926283955574035645e-01,9.926276803016662598e-01,9.926273226737976074e-01,9.926271438598632812e-01,9.926269650459289551e-01,9.926269650459289551e-01,9.926269650459289551e-01,9.926269650459289551e-01,9.926269650459289551e-01,9.926269650459289551e-01,9.926269650459289551e-01,9.926269650459289551e-01,9.925413727760314941e-01,9.907453060150146484e-01,9.930879473686218262e-01,9.930171966552734375e-01,9.928237795829772949e-01,9.927371144294738770e-01,9.926908612251281738e-01,9.926620125770568848e-01,9.806122779846191406e-01,9.906150698661804199e-01,9.909775853157043457e-01,9.933398365974426270e-01,9.880649447441101074e-01,9.923539757728576660e-01,9.929209351539611816e-01
9.985201954841613770e-01,8.651907444000244141e-01,9.935841560363769531e-01,9.975450634956359863e-01,1.000000000000000000e+00,9.787281155586242676e-01,9.943099021911621094e-01,9.979537129402160645e-01,9.985730051994323730e-01,9.986278414726257324e-01,9.985693097114562988e-01,9.985410571098327637e-01,9.985332489013671875e-01,9.985277056694030762e-01,9.985246062278747559e-01,9.985228180885314941e-01,9.985216259956359863e-01,9.463922977447509766e-01,9.985206723213195801e-01,9.985204339027404785e-01,9.985201954841613770e-01,8.765576481819152832e-01,9.978137016296386719e-01,9.988777041435241699e-01,9.988598823547363281e-01,9.850804209709167480e-01,9.980370998382568359e-01,9.985992908477783203e-01,9.986379742622375488e-01,9.955461025238037109e-01,9.978278279304504395e-01,9.983829855918884277e-01,9.984958767890930176e-01,9.985162615776062012e-01,9.985217452049255371e-01,9.985218048095703125e-01,9.985211491584777832e-01,9.931640625000000000e-01,9.985205531120300293e-01,9.985203742980957031e-01,9.985201954841613770e-01,8.581684231758117676e-01,9.985201954841613770e-01,9.985201954841613770e-01,9.985201954841613770e-01,9.719560146331787109e-01,9.927184581756591797e-01,9.956696629524230957e-01,9.974820017814636230e-01,9.967976212501525879e-01,9.980711340904235840e-01,9.983970522880554199e-01,9.984819293022155762e-01,9.985074996948242188e-01,9.985157847404479980e-01,9.985184669494628906e-01,9.985194206237792969e-01,9.985198974609375000e-01,9.985201358795166016e-01,9.985201954841613770e-01,9.985201954841613770e-01,9.810326695442199707e-01,9.985201954841613770e-01,9.985201954841613770e-01,9.985201954841613770e-01,9.958086013793945312e-01,9.980630874633789062e-01,9.984752535820007324e-01,9.985244274139404297e-01,9.985559582710266113e-01,9.985530376434326172e-01,9.985404610633850098e-01,9.985313415527343750e-01,9.985260367393493652e-01,9.985232353210449219e-01,9.985218048095703125e-01,9.985210299491882324e-01,9.985206127166748047e-01,9.985205531120300293e-01,9.985203146934509277e-01,9.985201954841613770e-01,9.983769059181213379e-01,9.985201954841613770e-01,9.985201954841613770e-01,9.985201954841613770e-01,9.963996410369873047e-01,9.981681704521179199e-01,9.985237717628479004e-01,9.985678195953369141e-01,9.985554814338684082e-01,9.985406398773193359e-01,9.985311627388000488e-01,9.985258579254150391e-01,9.985232353210449219e-01,9.985218048095703125e-01,9.985210299491882324e-01,9.985206723213195801e-01,9.985205531120300293e-01,9.985204339027404785e-01,9.985203146934509277e-01,9.985201954841613770e-01,9.952042698860168457e-01,9.985201954841613770e-01,9.985201954841613770e-01,9.985201954841613770e-01,9.981401562690734863e-01,9.985203146934509277e-01,9.985396265983581543e-01,9.985406398773193359e-01,9.985345005989074707e-01,9.985287785530090332e-01,9.985251426696777344e-01,9.985229372978210449e-01,9.985216259956359863e-01,9.985209107398986816e-01,9.985206127166748047e-01,9.985204339027404785e-01,9.985203146934509277e-01,9.985203146934509277e-01,9.985201954841613770e-01,9.985201954841613770e-01,9.985201954841613770e-01,9.985201954841613770e-01,9.985201954841613770e-01,9.985201954841613770e-01,9.976200461387634277e-01,9.940379261970520020e-01,9.979017376899719238e-01,9.984855651855468750e-01,9.985420703887939453e-01,9.985459446907043457e-01,9.985404014587402344e-01,9.985327124595642090e-01,9.851446151733398438e-01,9.968638420104980469e-01,9.930310249328613281e-01,9.979593157768249512e-01,9.915856719017028809e-01,9.971283078193664551e-01,9.982511401176452637e-01
9.751005768775939941e-01,8.504424095153808594e-01,9.748943448066711426e-01,9.777178764343261719e-01,9.787281155586242676e-01,1.000000000000000000e+00,9.920170307159423828e-01,9.844579696655273438e-01,9.800192713737487793e-01,9.770436286926269531e-01,9.761696457862854004e-01,9.756616950035095215e-01,9.753827452659606934e-01,9.752414822578430176e-01,9.751707911491394043e-01,9.751351475715637207e-01,9.751177430152893066e-01,9.418292045593261719e-01,9.751049876213073730e-01,9.751026630401611328e-01,9.751005768775939941e-01,8.389973640441894531e-01,9.712696075439453125e-01,9.739382863044738770e-01,9.746983647346496582e-01,9.580236077308654785e-01,9.770938754081726074e-01,9.764379858970642090e-01,9.758341908454895020e-01,9.682273268699645996e-01,9.725474715232849121e-01,9.739870429039001465e-01,9.745880961418151855e-01,9.748554825782775879e-01,9.749810695648193359e-01,9.750414490699768066e-01,9.750712513923645020e-01,9.638611674308776855e-01,9.750931859016418457e-01,9.750969409942626953e-01,9.751005768775939941e-01,8.642717003822326660e-01,9.751005768775939941e-01,9.751005768775939941e-01,9.751005768775939941e-01,9.640395045280456543e-01,9.758406281471252441e-01,9.765087962150573730e-01,9.761667847633361816e-01,9.715093970298767090e-01,9.737933278083801270e-01,9.745440483093261719e-01,9.748499989509582520e-01,9.749824404716491699e-01,9.750431180000305176e-01,9.750723242759704590e-01,9.750865101814270020e-01,9.750935435295104980e-01,9.750970005989074707e-01,9.750987887382507324e-01,9.751005768775939941e-01,9.719793200492858887e-01,9.751005768775939941e-01,9.751005768775939941e-01,9.751005768775939941e-01,9.759907722473144531e-01,9.761748313903808594e-01,9.758378863334655762e-01,9.756150245666503906e-01,9.749870896339416504e-01,9.750649333000183105e-01,9.750863909721374512e-01,9.750943183898925781e-01,9.750976562500000000e-01,9.750992655754089355e-01,9.750998616218566895e-01,9.751002192497253418e-01,9.751003384590148926e-01,9.751004576683044434e-01,9.751005172729492188e-01,9.751005768775939941e-01,9.738571047782897949e-01,9.751005768775939941e-01,9.751005768775939941e-01,9.751005768775939941e-01,9.710367321968078613e-01,9.737582206726074219e-01,9.746186733245849609e-01,9.749113917350769043e-01,9.750173091888427734e-01,9.750617146492004395e-01,9.750818610191345215e-01,9.750913977622985840e-01,9.750959873199462891e-01,9.750983715057373047e-01,9.750993847846984863e-01,9.750999808311462402e-01,9.751002192497253418e-01,9.751005172729492188e-01,9.751005172729492188e-01,9.751005768775939941e-01,9.718728661537170410e-01,9.751005768775939941e-01,9.751005768775939941e-01,9.751005768775939941e-01,9.755278229713439941e-01,9.753949046134948730e-01,9.753398895263671875e-01,9.752430915832519531e-01,9.751742482185363770e-01,9.751376509666442871e-01,9.751186966896057129e-01,9.751095175743103027e-01,9.751049876213073730e-01,9.751027226448059082e-01,9.751017689704895020e-01,9.751011729240417480e-01,9.751007556915283203e-01,9.751006960868835449e-01,9.751005768775939941e-01,9.751005768775939941e-01,9.751005768775939941e-01,9.751005768775939941e-01,9.751005768775939941e-01,9.751005768775939941e-01,9.761775135993957520e-01,9.721608161926269531e-01,9.751892685890197754e-01,9.754495620727539062e-01,9.753043055534362793e-01,9.752143025398254395e-01,9.751718044281005859e-01,9.751397967338562012e-01,9.620572924613952637e-01,9.731079936027526855e-01,9.637134671211242676e-01,9.724698066711425781e-01,9.637227654457092285e-01,9.716553092002868652e-01,9.738306403160095215e-01
9.933428764343261719e-01,8.517997860908508301e-01,9.910476803779602051e-01,9.905450344085693359e-01,9.943099021911621094e-01,9.920170307159423828e-01,1.000000000000000000e+00,9.982522130012512207e-01,9.961498379707336426e-01,9.943637251853942871e-01,9.939241409301757812e-01,9.936584830284118652e-01,9.935029149055480957e-01,9.934232831001281738e-01,9.933831095695495605e-01,9.933629035949707031e-01,9.933530688285827637e-01,9.512894749641418457e-01,9.933454394340515137e-01,9.933441281318664551e-01,9.933428764343261719e-01,8.504341244697570801e-01,9.893732666969299316e-01,9.921221733093261719e-01,9.929084777832031250e-01,9.732224345207214355e-01,9.932174086570739746e-01,9.936327934265136719e-01,9.935595393180847168e-01,9.870626926422119141e-01,9.911163449287414551e-01,9.924214482307434082e-01,9.929271340370178223e-01,9.931460022926330566e-01,9.932475090026855469e-01,9.932960867881774902e-01,9.933195114135742188e-01,9.812522530555725098e-01,9.933371543884277344e-01,9.933400154113769531e-01,9.933428764343261719e-01,8.698404431343078613e-01,9.933428764343261719e-01,9.933428764343261719e-01,9.933428764343261719e-01,9.773222804069519043e-01,9.919829368591308594e-01,9.935367703437805176e-01,9.938848614692687988e-01,9.905126690864562988e-01,9.923986792564392090e-01,9.929723143577575684e-01,9.931831955909729004e-01,9.932696819305419922e-01,9.933080673217773438e-01,9.933258891105651855e-01,9.933345913887023926e-01,9.933387637138366699e-01,9.933407902717590332e-01,9.933419227600097656e-01,9.933428764343261719e-01,9.809770584106445312e-01,9.933428764343261719e-01,9.933428764343261719e-01,9.933428764343261719e-01,9.914808273315429688e-01,9.931967854499816895e-01,9.935095906257629395e-01,9.935403466224670410e-01,9.931364655494689941e-01,9.932556748390197754e-01,9.933030009269714355e-01,9.933238029479980469e-01,9.933335185050964355e-01,9.933383464813232422e-01,9.933406710624694824e-01,9.933418631553649902e-01,9.933423995971679688e-01,9.933426380157470703e-01,9.933428168296813965e-01,9.933428764343261719e-01,9.922072291374206543e-01,9.933428764343261719e-01,9.933428764343261719e-01,9.933428764343261719e-01,9.888691902160644531e-01,9.918230175971984863e-01,9.927660822868347168e-01,9.931018948554992676e-01,9.932338595390319824e-01,9.932911992073059082e-01,9.933178424835205078e-01,9.933305382728576660e-01,9.933367371559143066e-01,9.933398365974426270e-01,9.933414459228515625e-01,9.933422207832336426e-01,9.933424592018127441e-01,9.933426976203918457e-01,9.933428168296813965e-01,9.933428764343261719e-01,9.899742007255554199e-01,9.933428764343261719e-01,9.933428764343261719e-01,9.933428764343261719e-01,9.933004975318908691e-01,9.934945106506347656e-01,9.935057759284973145e-01,9.934465885162353516e-01,9.933981299400329590e-01,9.933711886405944824e-01,9.933571815490722656e-01,9.933500289916992188e-01,9.933464527130126953e-01,9.933446049690246582e-01,9.933438301086425781e-01,9.933432936668395996e-01,9.933431148529052734e-01,9.933431148529052734e-01,9.933430552482604980e-01,9.933428764343261719e-01,9.933428764343261719e-01,9.933428764343261719e-01,9.933428764343261719e-01,9.933428764343261719e-01,9.933612346649169922e-01,9.883897304534912109e-01,9.925619959831237793e-01,9.932876229286193848e-01,9.933686256408691406e-01,9.933702349662780762e-01,9.933645129203796387e-01,9.933558106422424316e-01,9.804177284240722656e-01,9.918186068534851074e-01,9.822030067443847656e-01,9.907490611076354980e-01,9.816895127296447754e-01,9.898004531860351562e-01,9.920030236244201660e-01
9.982223510742187500e-01,8.534540534019470215e-01,9.949072003364562988e-01,9.929502606391906738e-01,9.979537129402160645e-01,9.844579696655273438e-01,9.982522130012512207e-01,1.000000000000000000e+00,9.995371699333190918e-01,9.987323880195617676e-01,9.985293745994567871e-01,9.983954429626464844e-01,9.983111023902893066e-01,9.982672333717346191e-01,9.982449412345886230e-01,9.982336163520812988e-01,9.982278943061828613e-01,9.515107274055480957e-01,9.982237815856933594e-01,9.982230663299560547e-01,9.982223510742187500e-01,8.588824868202209473e-01,9.946802258491516113e-01,9.972111582756042480e-01,9.978899359703063965e-01,9.794062972068786621e-01,9.974436759948730469e-01,9.981973767280578613e-01,9.982886910438537598e-01,9.931223988533020020e-01,9.965817928314208984e-01,9.976046681404113770e-01,9.979606270790100098e-01,9.981028437614440918e-01,9.981659054756164551e-01,9.981949329376220703e-01,9.982088208198547363e-01,9.876475334167480469e-01,9.982189536094665527e-01,9.982206821441650391e-01,9.982223510742187500e-01,8.675987720489501953e-01,9.982223510742187500e-01,9.982223510742187500e-01,9.982223510742187500e-01,9.786447882652282715e-01,9.954984784126281738e-01,9.976004958152770996e-01,9.983639121055603027e-01,9.959440231323242188e-01,9.975444674491882324e-01,9.979882836341857910e-01,9.981316924095153809e-01,9.981839656829833984e-01,9.982048869132995605e-01,9.982140660285949707e-01,9.982182979583740234e-01,9.982202649116516113e-01,9.982213973999023438e-01,9.982218742370605469e-01,9.982223510742187500e-01,9.812844395637512207e-01,9.982223510742187500e-01,9.982223510742187500e-01,9.982223510742187500e-01,9.954738616943359375e-01,9.977226257324218750e-01,9.982097148895263672e-01,9.983107447624206543e-01,9.980774521827697754e-01,9.981648325920104980e-01,9.981972575187683105e-01,9.982107281684875488e-01,9.982168078422546387e-01,9.982195496559143066e-01,9.982209205627441406e-01,9.982216358184814453e-01,9.982220530509948730e-01,9.982221722602844238e-01,9.982221722602844238e-01,9.982223510742187500e-01,9.973866343498229980e-01,9.982223510742187500e-01,9.982223510742187500e-01,9.982223510742187500e-01,9.941747188568115234e-01,9.969105720520019531e-01,9.977472424507141113e-01,9.980309605598449707e-01,9.981381297111511230e-01,9.981830120086669922e-01,9.982033371925354004e-01,9.982130527496337891e-01,9.982177615165710449e-01,9.982200264930725098e-01,9.982211589813232422e-01,9.982218146324157715e-01,9.982220530509948730e-01,9.982221722602844238e-01,9.982223510742187500e-01,9.982223510742187500e-01,9.953937530517578125e-01,9.982223510742187500e-01,9.982223510742187500e-01,9.982223510742187500e-01,9.978000521659851074e-01,9.982287883758544922e-01,9.983105659484863281e-01,9.982869029045104980e-01,9.982581734657287598e-01,9.982411265373229980e-01,9.982319474220275879e-01,9.982271194458007812e-01,9.982247352600097656e-01,9.982235431671142578e-01,9.982230067253112793e-01,9.982226490974426270e-01,9.982224106788635254e-01,9.982223510742187500e-01,9.982224106788635254e-01,9.982223510742187500e-01,9.982223510742187500e-01,9.982223510742187500e-01,9.982223510742187500e-01,9.982223510742187500e-01,9.974499344825744629e-01,9.924566149711608887e-01,9.970825314521789551e-01,9.979996085166931152e-01,9.981740117073059082e-01,9.982144832611083984e-01,9.982249736785888672e-01,9.982253909111022949e-01,9.850921630859375000e-01,9.969329833984375000e-01,9.882155060768127441e-01,9.960352778434753418e-01,9.880256652832031250e-01,9.953266978263854980e-01,9.971995353698730469e-01
9.995490908622741699e-01,8.536977171897888184e-01,9.957056045532226562e-01,9.929383397102355957e-01,9.985730051994323730e-01,9.800192713737487793e-01,9.961498379707336426e-01,9.995371699333190918e-01,1.000000000000000000e+00,9.997794628143310547e-01,9.997036457061767578e-01,9.996410012245178223e-01,9.995972514152526855e-01,9.995736479759216309e-01,9.995614886283874512e-01,9.995551705360412598e-01,9.995521903038024902e-01,9.501214027404785156e-01,9.995498061180114746e-01,9.995493888854980469e-01,9.995490908622741699e-01,8.631617426872253418e-01,9.962012767791748047e-01,9.986303448677062988e-01,9.992609024047851562e-01,9.818986058235168457e-01,9.984518885612487793e-01,9.993644356727600098e-01,9.995384812355041504e-01,9.952669143676757812e-01,9.983237385749816895e-01,9.991441369056701660e-01,9.993960261344909668e-01,9.994847774505615234e-01,9.995203018188476562e-01,9.995355606079101562e-01,9.995424747467041016e-01,9.900239109992980957e-01,9.995474219322204590e-01,9.995481967926025391e-01,9.995490908622741699e-01,8.656265735626220703e-01,9.995490908622741699e-01,9.995490908622741699e-01,9.995490908622741699e-01,9.780346751213073730e-01,9.960100650787353516e-01,9.984170794486999512e-01,9.994320869445800781e-01,9.975857138633728027e-01,9.990246891975402832e-01,9.993942379951477051e-01,9.994990825653076172e-01,9.995310902595520020e-01,9.995419383049011230e-01,9.995459914207458496e-01,9.995475411415100098e-01,9.995482563972473145e-01,9.995486736297607422e-01,9.995488524436950684e-01,9.995490908622741699e-01,9.801594614982604980e-01,9.995490908622741699e-01,9.995490908622741699e-01,9.995490908622741699e-01,9.962390065193176270e-01,9.988194108009338379e-01,9.994109272956848145e-01,9.995571970939636230e-01,9.994460940361022949e-01,9.995115399360656738e-01,9.995339512825012207e-01,9.995424151420593262e-01,9.995459914207458496e-01,9.995476603507995605e-01,9.995482563972473145e-01,9.995486736297607422e-01,9.995487332344055176e-01,9.995489120483398438e-01,9.995489120483398438e-01,9.995490908622741699e-01,9.989473819732666016e-01,9.995490908622741699e-01,9.995490908622741699e-01,9.995490908622741699e-01,9.959461092948913574e-01,9.984496235847473145e-01,9.991776347160339355e-01,9.994084239006042480e-01,9.994900822639465332e-01,9.995223879814147949e-01,9.995363354682922363e-01,9.995428919792175293e-01,9.995460510253906250e-01,9.995474815368652344e-01,9.995482563972473145e-01,9.995486140251159668e-01,9.995488524436950684e-01,9.995488524436950684e-01,9.995489716529846191e-01,9.995490908622741699e-01,9.971918463706970215e-01,9.995490908622741699e-01,9.995490908622741699e-01,9.995490908622741699e-01,9.988567829132080078e-01,9.994280338287353516e-01,9.995622634887695312e-01,9.995737671852111816e-01,9.995650649070739746e-01,9.995579123497009277e-01,9.995536208152770996e-01,9.995513558387756348e-01,9.995501637458801270e-01,9.995496273040771484e-01,9.995493292808532715e-01,9.995490908622741699e-01,9.995490908622741699e-01,9.995489716529846191e-01,9.995489716529846191e-01,9.995490908622741699e-01,9.995490908622741699e-01,9.995490908622741699e-01,9.995490908622741699e-01,9.995490908622741699e-01,9.984338879585266113e-01,9.935625195503234863e-01,9.982827305793762207e-01,9.992530345916748047e-01,9.994650483131408691e-01,9.995234608650207520e-01,9.995416998863220215e-01,9.995468258857727051e-01,9.863885045051574707e-01,9.983379244804382324e-01,9.901037812232971191e-01,9.975211620330810547e-01,9.904925823211669922e-01,9.971711039543151855e-01,9.987845420837402344e-01
9.999170303344726562e-01,8.547051548957824707e-01,9.956512451171875000e-01,9.928377270698547363e-01,9.986278414726257324e-01,9.770436286926269531e-01,9.943637251853942871e-01,9.987323880195617676e-01,9.997794628143310547e-01,1.000000000000000000e+00,9.999821186065673828e-01,9.999577999114990234e-01,9.999396204948425293e-01,9.999287724494934082e-01,9.999230504035949707e-01,9.999200701713562012e-01,9.999185204505920410e-01,9.475876688957214355e-01,9.999174475669860840e-01,9.999172687530517578e-01,9.999170303344726562e-01,8.674612045288085938e-01,9.969127178192138672e-01,9.991618990898132324e-01,9.997078776359558105e-01,9.835743904113769531e-01,9.985949397087097168e-01,9.996126294136047363e-01,9.998486042022705078e-01,9.964869022369384766e-01,9.991165995597839355e-01,9.997269511222839355e-01,9.998733401298522949e-01,9.999081492424011230e-01,9.999160766601562500e-01,9.999173283576965332e-01,9.999175071716308594e-01,9.916623234748840332e-01,9.999170899391174316e-01,9.999170899391174316e-01,9.999170303344726562e-01,8.630254864692687988e-01,9.999170303344726562e-01,9.999170303344726562e-01,9.999170303344726562e-01,9.765591025352478027e-01,9.956223368644714355e-01,9.982822537422180176e-01,9.995386004447937012e-01,9.982729554176330566e-01,9.995455145835876465e-01,9.998405575752258301e-01,9.999071955680847168e-01,9.999194145202636719e-01,9.999201297760009766e-01,9.999191164970397949e-01,9.999181628227233887e-01,9.999176859855651855e-01,9.999173283576965332e-01,9.999172687530517578e-01,9.999170303344726562e-01,9.790632128715515137e-01,9.999170303344726562e-01,9.999170303344726562e-01,9.999170303344726562e-01,9.963016510009765625e-01,9.990705847740173340e-01,9.997028708457946777e-01,9.998643398284912109e-01,9.998660087585449219e-01,9.999045729637145996e-01,9.999146461486816406e-01,9.999167323112487793e-01,9.999170899391174316e-01,9.999172091484069824e-01,9.999170899391174316e-01,9.999170899391174316e-01,9.999170303344726562e-01,9.999170899391174316e-01,9.999170303344726562e-01,9.999170303344726562e-01,9.995684623718261719e-01,9.999170303344726562e-01,9.999170303344726562e-01,9.999170303344726562e-01,9.969163537025451660e-01,9.991076588630676270e-01,9.996879696846008301e-01,9.998463988304138184e-01,9.998930096626281738e-01,9.999077916145324707e-01,9.999131560325622559e-01,9.999153017997741699e-01,9.999163150787353516e-01,9.999166131019592285e-01,9.999168515205383301e-01,9.999169707298278809e-01,9.999169707298278809e-01,9.999170303344726562e-01,9.999170303344726562e-01,9.999170303344726562e-01,9.979724884033203125e-01,9.999170303344726562e-01,9.999170303344726562e-01,9.999170303344726562e-01,9.990789294242858887e-01,9.997165799140930176e-01,9.998753070831298828e-01,9.999114871025085449e-01,9.999179840087890625e-01,9.999182820320129395e-01,9.999178051948547363e-01,9.999175071716308594e-01,9.999172091484069824e-01,9.999172091484069824e-01,9.999170899391174316e-01,9.999170303344726562e-01,9.999170303344726562e-01,9.999170303344726562e-01,9.999170899391174316e-01,9.999170303344726562e-01,9.999170303344726562e-01,9.999170303344726562e-01,9.999170303344726562e-01,9.999170303344726562e-01,9.986237883567810059e-01,9.940710663795471191e-01,9.986805915832519531e-01,9.996159672737121582e-01,9.998286366462707520e-01,9.998889565467834473e-01,9.999071955680847168e-01,9.999132156372070312e-01,9.870583415031433105e-01,9.988431334495544434e-01,9.913048148155212402e-01,9.981622695922851562e-01,9.921131134033203125e-01,9.981241226196289062e-01,9.994458556175231934e-01
9.999706745147705078e-01,8.546602129936218262e-01,9.956657886505126953e-01,9.926654696464538574e-01,9.985693097114562988e-01,9.761696457862854004e-01,9.939241409301757812e-01,9.985293745994567871e-01,9.997036457061767578e-01,9.999821186065673828e-01,1.000000000000000000e+00,9.999939799308776855e-01,9.999845623970031738e-01,9.999781250953674316e-01,9.999747276306152344e-01,9.999727606773376465e-01,9.999716877937316895e-01,9.478139877319335938e-01,9.999710917472839355e-01,9.999708533287048340e-01,9.999706745147705078e-01,8.674928545951843262e-01,9.969633221626281738e-01,9.992148280143737793e-01,9.997612833976745605e-01,9.836362004280090332e-01,9.986519813537597656e-01,9.996697306632995605e-01,9.999043941497802734e-01,9.964975714683532715e-01,9.991416931152343750e-01,9.997663497924804688e-01,9.999195933341979980e-01,9.999580979347229004e-01,9.999678730964660645e-01,9.999701380729675293e-01,9.999706149101257324e-01,9.916677474975585938e-01,9.999707341194152832e-01,9.999707341194152832e-01,9.999706745147705078e-01,8.629099726676940918e-01,9.999706745147705078e-01,9.999706745147705078e-01,9.999706745147705078e-01,9.765389561653137207e-01,9.956282973289489746e-01,9.983132481575012207e-01,9.995815157890319824e-01,9.982960820198059082e-01,9.995796680450439453e-01,9.998843073844909668e-01,9.999558329582214355e-01,9.999706149101257324e-01,9.999725222587585449e-01,9.999720454216003418e-01,9.999714493751525879e-01,9.999711513519287109e-01,9.999709129333496094e-01,9.999708533287048340e-01,9.999706745147705078e-01,9.789242744445800781e-01,9.999706745147705078e-01,9.999706745147705078e-01,9.999706745147705078e-01,9.962820410728454590e-01,9.990869164466857910e-01,9.997391104698181152e-01,9.999106526374816895e-01,9.999158382415771484e-01,9.999564290046691895e-01,9.999673962593078613e-01,9.999699592590332031e-01,9.999706149101257324e-01,9.999707341194152832e-01,9.999707341194152832e-01,9.999706745147705078e-01,9.999707341194152832e-01,9.999707341194152832e-01,9.999707341194152832e-01,9.999706745147705078e-01,9.996125102043151855e-01,9.999706745147705078e-01,9.999706745147705078e-01,9.999706745147705078e-01,9.969503283500671387e-01,9.991524815559387207e-01,9.997375607490539551e-01,9.998981356620788574e-01,9.999458193778991699e-01,9.999609589576721191e-01,9.999665617942810059e-01,9.999688267707824707e-01,9.999697804450988770e-01,9.999702572822570801e-01,9.999704957008361816e-01,9.999706149101257324e-01,9.999706745147705078e-01,9.999707341194152832e-01,9.999707341194152832e-01,9.999706745147705078e-01,9.980062842369079590e-01,9.999706745147705078e-01,9.999706745147705078e-01,9.999706745147705078e-01,9.990990161895751953e-01,9.997559189796447754e-01,9.999225735664367676e-01,9.999620914459228516e-01,9.999701380729675293e-01,9.999713897705078125e-01,9.999711513519287109e-01,9.999709725379943848e-01,9.999708533287048340e-01,9.999707341194152832e-01,9.999707341194152832e-01,9.999706745147705078e-01,9.999707341194152832e-01,9.999707341194152832e-01,9.999707341194152832e-01,9.999706745147705078e-01,9.999706745147705078e-01,9.999706745147705078e-01,9.999706745147705078e-01,9.999706745147705078e-01,9.986531138420104980e-01,9.940674901008605957e-01,9.987069964408874512e-01,9.996581673622131348e-01,9.998777508735656738e-01,9.999408125877380371e-01,9.999600052833557129e-01,9.999666213989257812e-01,9.870621562004089355e-01,9.988789558410644531e-01,9.913446307182312012e-01,9.982131123542785645e-01,9.921420216560363770e-01,9.981584548950195312e-01,9.994891285896301270e-01
