1.000000000000000000e+00,9.982504844665527344e-01,9.995781779289245605e-01,9.998989105224609375e-01,9.999747276306152344e-01,9.999936223030090332e-01,9.999985098838806152e-01,9.999995231628417969e-01,9.999998211860656738e-01,1.000000000000000000e+00,1.000000000000000000e+00,1.000000000000000000e+00,1.000000000000000000e+00,1.000000000000000000e+00,1.000000000000000000e+00,1.000000000000000000e+00,1.000000000000000000e+00,1.000000000000000000e+00,1.000000000000000000e+00,1.000000000000000000e+00,1.000000000000000000e+00,9.996562004089355469e-01,9.999132156372070312e-01,9.999782443046569824e-01,9.999944567680358887e-01,9.999986290931701660e-01,9.999997019767761230e-01,1.000000000000000000e+00,1.000000000000000000e+00,1.000000000000000000e+00,9.999999403953552246e-01,1.000000119209289551e+00,1.000000000000000000e+00,1.000000000000000000e+00,1.000000000000000000e+00,9.999998211860656738e-01,1.000000000000000000e+00,9.993687272071838379e-01,9.998478889465332031e-01,9.999623298645019531e-01,1.000000000000000000e+00,1.000000000000000000e+00,1.000000000000000000e+00,1.000000000000000000e+00,1.000000000000000000e+00,1.000000000000000000e+00,1.000000000000000000e+00,1.000000000000000000e+00,1.000000000000000000e+00,1.000000000000000000e+00,1.000000000000000000e+00,1.000000000000000000e+00,1.000000000000000000e+00,9.947624802589416504e-01,9.985904097557067871e-01,9.996168017387390137e-01,9.998986124992370605e-01,9.996569156646728516e-01,9.999101758003234863e-01,9.999766945838928223e-01,1.000000000000000000e+00,9.999515414237976074e-01,9.999875426292419434e-01,9.999968409538269043e-01,9.999992847442626953e-01,9.999997615814208984e-01,1.000000000000000000e+00,1.000000000000000000e+00,1.000000000000000000e+00,1.000000119209289551e+00,1.000000000000000000e+00,1.000000000000000000e+00,1.000000000000000000e+00,9.868901371955871582e-01,9.953495860099792480e-01,9.987392425537109375e-01,9.996645450592041016e-01,9.980080723762512207e-01,9.994737505912780762e-01,9.998604655265808105e-01,1.000000000000000000e+00,9.999837875366210938e-01,9.999959468841552734e-01,9.999990463256835938e-01,9.999998211860656738e-01,9.999999403953552246e-01,1.000000000000000000e+00,1.000000000000000000e+00,1.000000000000000000e+00,1.000000000000000000e+00,1.000000119209289551e+00,1.000000000000000000e+00,1.000000000000000000e+00,9.969463944435119629e-01,9.991297125816345215e-01,9.997473359107971191e-01,9.999354481697082520e-01,9.994845390319824219e-01,9.998665452003479004e-01,9.999647140502929688e-01,1.000000000000000000e+00,9.999515414237976074e-01,9.999879002571105957e-01,9.999970793724060059e-01,9.999992251396179199e-01,9.999894499778747559e-01,9.999973177909851074e-01,9.999992847442626953e-01,9.999998211860656738e-01,1.000000000000000000e+00,1.000000000000000000e+00,1.000000000000000000e+00,1.000000000000000000e+00,9.872980117797851562e-01,9.961143136024475098e-01,9.988749027252197266e-01,9.996970295906066895e-01,9.994159340858459473e-01,9.998522400856018066e-01,9.999608993530273438e-01,1.000000000000000000e+00,1.000000000000000000e+00,1.000000000000000000e+00,1.000000000000000000e+00,1.000000000000000000e+00,1.000000000000000000e+00,1.000000000000000000e+00,1.000000000000000000e+00,1.000000000000000000e+00,1.000000000000000000e+00,1.000000000000000000e+00,1.000000000000000000e+00,1.000000000000000000e+00,9.994161128997802734e-01,9.998483657836914062e-01,9.997786879539489746e-01,9.999442100524902344e-01,9.999606013298034668e-01,9.999900460243225098e-01,9.999976158142089844e-01
9.982504844665527344e-01,1.000000000000000000e+00,9.995444416999816895e-01,9.989855289459228516e-01,9.986427426338195801e-01,9.984533786773681641e-01,9.983534812927246094e-01,9.983022809028625488e-01,9.982765316963195801e-01,9.982635378837585449e-01,9.982569813728332520e-01,9.982536435127258301e-01,9.982520937919616699e-01,9.982512593269348145e-01,9.982509016990661621e-01,9.982506632804870605e-01,9.982504844665527344e-01,9.982505440711975098e-01,9.982504844665527344e-01,9.982504844665527344e-01,9.982504844665527344e-01,9.983424544334411621e-01,9.983820319175720215e-01,9.983381628990173340e-01,9.982998967170715332e-01,9.982764124870300293e-01,9.982634186744689941e-01,9.982569217681884766e-01,9.982536435127258301e-01,9.982520937919616699e-01,9.982511997222900391e-01,9.982509016990661621e-01,9.982506632804870605e-01,9.982505440711975098e-01,9.982504844665527344e-01,9.982504844665527344e-01,9.982504248619079590e-01,9.984022974967956543e-01,9.984775185585021973e-01,9.984006881713867188e-01,9.982504844665527344e-01,9.982504844665527344e-01,9.982504844665527344e-01,9.982504844665527344e-01,9.982504844665527344e-01,9.982504844665527344e-01,9.982504844665527344e-01,9.982504844665527344e-01,9.982504844665527344e-01,9.982504844665527344e-01,9.982504844665527344e-01,9.982504844665527344e-01,9.982504844665527344e-01,9.940013289451599121e-01,9.971823096275329590e-01,9.980145096778869629e-01,9.982250332832336426e-01,9.975250363349914551e-01,9.979423880577087402e-01,9.981148838996887207e-01,9.982504844665527344e-01,9.984378218650817871e-01,9.983567595481872559e-01,9.983064532279968262e-01,9.982790350914001465e-01,9.982649683952331543e-01,9.982578158378601074e-01,9.982540607452392578e-01,9.982522130012512207e-01,9.982512593269348145e-01,9.982509016990661621e-01,9.982507228851318359e-01,9.982505440711975098e-01,9.884707927703857422e-01,9.958922266960144043e-01,9.981966018676757812e-01,9.985314011573791504e-01,9.956796169281005859e-01,9.971318840980529785e-01,9.977590441703796387e-01,9.982504844665527344e-01,9.981694221496582031e-01,9.982132911682128906e-01,9.982323646545410156e-01,9.982412457466125488e-01,9.982454776763916016e-01,9.982481002807617188e-01,9.982492327690124512e-01,9.982498288154602051e-01,9.982501864433288574e-01,9.982502460479736328e-01,9.982504248619079590e-01,9.982504248619079590e-01,9.971327781677246094e-01,9.984245300292968750e-01,9.985716938972473145e-01,9.984770417213439941e-01,9.975636601448059082e-01,9.979775547981262207e-01,9.981412291526794434e-01,9.982504844665527344e-01,9.983722567558288574e-01,9.983246326446533203e-01,9.982913136482238770e-01,9.982723593711853027e-01,9.983634948730468750e-01,9.983097910881042480e-01,9.982807636260986328e-01,9.982658028602600098e-01,9.982581138610839844e-01,9.982542991638183594e-01,9.982523918151855469e-01,9.982513785362243652e-01,9.847855567932128906e-01,9.938838481903076172e-01,9.967868924140930176e-01,9.977755546569824219e-01,9.971612095832824707e-01,9.977836608886718750e-01,9.980461001396179199e-01,9.982504844665527344e-01,9.982504844665527344e-01,9.982504844665527344e-01,9.982504844665527344e-01,9.982504844665527344e-01,9.982504844665527344e-01,9.982504844665527344e-01,9.982504844665527344e-01,9.982504844665527344e-01,9.982504844665527344e-01,9.982504844665527344e-01,9.982504844665527344e-01,9.982504844665527344e-01,9.962045550346374512e-01,9.973418116569519043e-01,9.978619217872619629e-01,9.981114864349365234e-01,9.981274604797363281e-01,9.981989264488220215e-01,9.982274174690246582e-01
9.995781779289245605e-01,9.995444416999816895e-01,1.000000000000000000e+00,9.998893737792968750e-01,9.997588992118835449e-01,9.996750354766845703e-01,9.996282458305358887e-01,9.996035099029541016e-01,9.995909333229064941e-01,9.995846748352050781e-01,9.995813369750976562e-01,9.995797276496887207e-01,9.995789527893066406e-01,9.995786547660827637e-01,9.995784163475036621e-01,9.995782971382141113e-01,9.995782375335693359e-01,9.995781779289245605e-01,9.995781779289245605e-01,9.995782375335693359e-01,9.995781779289245605e-01,9.994499087333679199e-01,9.995996356010437012e-01,9.996104836463928223e-01,9.995997548103332520e-01,9.995903968811035156e-01,9.995844364166259766e-01,9.995813369750976562e-01,9.995797276496887207e-01,9.995790123939514160e-01,9.995786547660827637e-01,9.995782971382141113e-01,9.995782971382141113e-01,9.995782375335693359e-01,9.995781779289245605e-01,9.995781779289245605e-01,9.995781779289245605e-01,9.993191361427307129e-01,9.996063709259033203e-01,9.996297955513000488e-01,9.995781779289245605e-01,9.995781779289245605e-01,9.995781779289245605e-01,9.995781779289245605e-01,9.995781779289245605e-01,9.995781779289245605e-01,9.995781779289245605e-01,9.995781779289245605e-01,9.995781779289245605e-01,9.995781779289245605e-01,9.995781779289245605e-01,9.995781779289245605e-01,9.995781779289245605e-01,9.948523044586181641e-01,9.983538985252380371e-01,9.992769360542297363e-01,9.995191693305969238e-01,9.990546107292175293e-01,9.993845820426940918e-01,9.995015263557434082e-01,9.995781779289245605e-01,9.996458888053894043e-01,9.996242523193359375e-01,9.996041655540466309e-01,9.995918273925781250e-01,9.995851516723632812e-01,9.995816349983215332e-01,9.995799064636230469e-01,9.995790123939514160e-01,9.995786547660827637e-01,9.995784163475036621e-01,9.995782971382141113e-01,9.995781779289245605e-01,9.881274104118347168e-01,9.960718154907226562e-01,9.989215731620788574e-01,9.995515942573547363e-01,9.973094463348388672e-01,9.987666606903076172e-01,9.992685914039611816e-01,9.995781779289245605e-01,9.995312094688415527e-01,9.995583891868591309e-01,9.995689392089843750e-01,9.995736479759216309e-01,9.995757937431335449e-01,9.995769858360290527e-01,9.995775222778320312e-01,9.995778203010559082e-01,9.995779991149902344e-01,9.995780587196350098e-01,9.995780587196350098e-01,9.995780587196350098e-01,9.974954724311828613e-01,9.992313385009765625e-01,9.996123909950256348e-01,9.996592402458190918e-01,9.989853501319885254e-01,9.993798732757568359e-01,9.995084404945373535e-01,9.995781779289245605e-01,9.996154904365539551e-01,9.996096491813659668e-01,9.995973110198974609e-01,9.995887279510498047e-01,9.996301531791687012e-01,9.996069073677062988e-01,9.995932579040527344e-01,9.995858073234558105e-01,9.995820522308349609e-01,9.995802044868469238e-01,9.995791316032409668e-01,9.995786547660827637e-01,9.865271449089050293e-01,9.954810142517089844e-01,9.983051419258117676e-01,9.992005228996276855e-01,9.987502694129943848e-01,9.992772936820983887e-01,9.994598031044006348e-01,9.995781779289245605e-01,9.995781779289245605e-01,9.995781779289245605e-01,9.995781779289245605e-01,9.995781779289245605e-01,9.995781779289245605e-01,9.995781779289245605e-01,9.995781779289245605e-01,9.995781779289245605e-01,9.995781779289245605e-01,9.995781779289245605e-01,9.995781779289245605e-01,9.995781779289245605e-01,9.982727169990539551e-01,9.990528225898742676e-01,9.992775917053222656e-01,9.994828701019287109e-01,9.995000958442687988e-01,9.995489120483398438e-01,9.995661377906799316e-01
9.998989105224609375e-01,9.989855289459228516e-01,9.998893737792968750e-01,1.000000000000000000e+00,9.999747276306152344e-01,9.999432563781738281e-01,9.999226927757263184e-01,9.999112486839294434e-01,9.999051690101623535e-01,9.999021887779235840e-01,9.999005198478698730e-01,9.998998045921325684e-01,9.998993873596191406e-01,9.998990893363952637e-01,9.998990893363952637e-01,9.998989105224609375e-01,9.998989105224609375e-01,9.998989701271057129e-01,9.998989105224609375e-01,9.998990893363952637e-01,9.998989105224609375e-01,9.996604919433593750e-01,9.998649954795837402e-01,9.999036788940429688e-01,9.999068379402160645e-01,9.999041557312011719e-01,9.999018311500549316e-01,9.999005198478698730e-01,9.998996853828430176e-01,9.998993873596191406e-01,9.998991489410400391e-01,9.998990893363952637e-01,9.998990893363952637e-01,9.998989105224609375e-01,9.998989105224609375e-01,9.998989105224609375e-01,9.998989105224609375e-01,9.994443058967590332e-01,9.998323917388916016e-01,9.999036788940429688e-01,9.998989105224609375e-01,9.998989105224609375e-01,9.998989105224609375e-01,9.998989105224609375e-01,9.998989105224609375e-01,9.998989105224609375e-01,9.998989105224609375e-01,9.998989105224609375e-01,9.998989105224609375e-01,9.998989105224609375e-01,9.998989105224609375e-01,9.998989105224609375e-01,9.998989105224609375e-01,9.949194788932800293e-01,9.985871911048889160e-01,9.995601177215576172e-01,9.998204708099365234e-01,9.994695186614990234e-01,9.997594356536865234e-01,9.998500943183898926e-01,9.998989105224609375e-01,9.999063611030578613e-01,9.999145865440368652e-01,9.999098181724548340e-01,9.999051690101623535e-01,9.999022483825683594e-01,9.999006390571594238e-01,9.998998045921325684e-01,9.998993873596191406e-01,9.998991489410400391e-01,9.998989701271057129e-01,9.998989701271057129e-01,9.998989105224609375e-01,9.876012802124023438e-01,9.958122372627258301e-01,9.989369511604309082e-01,9.997164607048034668e-01,9.977667927742004395e-01,9.992331862449645996e-01,9.996762871742248535e-01,9.998989105224609375e-01,9.998677372932434082e-01,9.998872280120849609e-01,9.998939633369445801e-01,9.998965859413146973e-01,9.998977780342102051e-01,9.998983740806579590e-01,9.998986721038818359e-01,9.998988509178161621e-01,9.998988509178161621e-01,9.998988509178161621e-01,9.998989105224609375e-01,9.998989105224609375e-01,9.973311424255371094e-01,9.992902278900146484e-01,9.997889995574951172e-01,9.999068379402160645e-01,9.993456006050109863e-01,9.997341036796569824e-01,9.998469352722167969e-01,9.998989105224609375e-01,9.998927116394042969e-01,9.999082684516906738e-01,9.999068379402160645e-01,9.999038577079772949e-01,9.999195933341979980e-01,9.999119639396667480e-01,9.999061226844787598e-01,9.999027252197265625e-01,9.999008774757385254e-01,9.998998641967773438e-01,9.998993873596191406e-01,9.998992085456848145e-01,9.870197176933288574e-01,9.959133267402648926e-01,9.987072944641113281e-01,9.995626807212829590e-01,9.991925358772277832e-01,9.996760487556457520e-01,9.998210072517395020e-01,9.998989105224609375e-01,9.998989105224609375e-01,9.998989105224609375e-01,9.998989105224609375e-01,9.998989105224609375e-01,9.998989105224609375e-01,9.998989105224609375e-01,9.998989105224609375e-01,9.998989105224609375e-01,9.998989105224609375e-01,9.998989105224609375e-01,9.998989105224609375e-01,9.998989105224609375e-01,9.989583492279052734e-01,9.995625615119934082e-01,9.996394515037536621e-01,9.998242259025573730e-01,9.998412132263183594e-01,9.998800158500671387e-01,9.998919367790222168e-01
9.999747276306152344e-01,9.986427426338195801e-01,9.997588992118835449e-01,9.999747276306152344e-01,1.000000000000000000e+00,9.999936223030090332e-01,9.999858736991882324e-01,9.999806284904479980e-01,9.999778866767883301e-01,9.999763965606689453e-01,9.999755024909973145e-01,9.999750256538391113e-01,9.999750256538391113e-01,9.999749064445495605e-01,9.999749064445495605e-01,9.999749064445495605e-01,9.999749064445495605e-01,9.999747872352600098e-01,9.999747872352600098e-01,9.999747872352600098e-01,9.999747276306152344e-01,9.996841549873352051e-01,9.999148249626159668e-01,9.999663233757019043e-01,9.999760985374450684e-01,9.999768137931823730e-01,9.999761581420898438e-01,9.999756217002868652e-01,9.999752044677734375e-01,9.999750256538391113e-01,9.999747872352600098e-01,9.999747872352600098e-01,9.999749064445495605e-01,9.999747872352600098e-01,9.999747276306152344e-01,9.999747276306152344e-01,9.999747872352600098e-01,9.994336962699890137e-01,9.998664855957031250e-01,9.999587535858154297e-01,9.999747276306152344e-01,9.999747276306152344e-01,9.999747276306152344e-01,9.999747276306152344e-01,9.999747276306152344e-01,9.999747276306152344e-01,9.999747276306152344e-01,9.999747276306152344e-01,9.999747276306152344e-01,9.999747276306152344e-01,9.999747276306152344e-01,9.999747276306152344e-01,9.999747276306152344e-01,9.948727488517761230e-01,9.986176490783691406e-01,9.996154904365539551e-01,9.998858571052551270e-01,9.995889663696289062e-01,9.998603463172912598e-01,9.999387860298156738e-01,9.999747276306152344e-01,9.999547004699707031e-01,9.999766349792480469e-01,9.999787807464599609e-01,9.999775886535644531e-01,9.999763369560241699e-01,9.999755024909973145e-01,9.999752044677734375e-01,9.999749660491943359e-01,9.999747872352600098e-01,9.999747872352600098e-01,9.999747872352600098e-01,9.999749064445495605e-01,9.872782230377197266e-01,9.956105351448059082e-01,9.988658428192138672e-01,9.997170567512512207e-01,9.979143142700195312e-01,9.993796944618225098e-01,9.997941851615905762e-01,9.999747276306152344e-01,9.999511837959289551e-01,9.999669194221496582e-01,9.999718666076660156e-01,9.999735951423645020e-01,9.999740719795227051e-01,9.999744296073913574e-01,9.999746680259704590e-01,9.999746680259704590e-01,9.999747276306152344e-01,9.999747276306152344e-01,9.999747276306152344e-01,9.999747872352600098e-01,9.971666336059570312e-01,9.992366433143615723e-01,9.997941851615905762e-01,9.999467730522155762e-01,9.994418621063232422e-01,9.998264908790588379e-01,9.999315142631530762e-01,9.999747276306152344e-01,9.999470710754394531e-01,9.999732971191406250e-01,9.999771118164062500e-01,9.999768137931823730e-01,9.999797940254211426e-01,9.999799728393554688e-01,9.999780654907226562e-01,9.999766349792480469e-01,9.999757409095764160e-01,9.999752044677734375e-01,9.999750256538391113e-01,9.999747872352600098e-01,9.871799349784851074e-01,9.960379004478454590e-01,9.988158345222473145e-01,9.996547698974609375e-01,9.993305206298828125e-01,9.997900128364562988e-01,9.999165534973144531e-01,9.999747276306152344e-01,9.999747276306152344e-01,9.999747276306152344e-01,9.999747276306152344e-01,9.999747276306152344e-01,9.999747276306152344e-01,9.999747276306152344e-01,9.999747276306152344e-01,9.999747276306152344e-01,9.999747276306152344e-01,9.999747276306152344e-01,9.999747276306152344e-01,9.999747276306152344e-01,9.992124438285827637e-01,9.997307658195495605e-01,9.997344017028808594e-01,9.999095797538757324e-01,9.999263286590576172e-01,9.999603629112243652e-01,9.999701380729675293e-01
9.999936223030090332e-01,9.984533786773681641e-01,9.996750354766845703e-01,9.999432563781738281e-01,9.999936223030090332e-01,1.000000000000000000e+00,9.999985098838806152e-01,9.999964833259582520e-01,9.999950528144836426e-01,9.999945163726806641e-01,9.999940395355224609e-01,9.999938607215881348e-01,9.999938011169433594e-01,9.999938011169433594e-01,9.999937415122985840e-01,9.999937415122985840e-01,9.999936223030090332e-01,9.999937415122985840e-01,9.999936223030090332e-01,9.999937415122985840e-01,9.999936223030090332e-01,9.996771216392517090e-01,9.999205470085144043e-01,9.999787807464599609e-01,9.999916553497314453e-01,9.999940395355224609e-01,9.999942183494567871e-01,9.999940395355224609e-01,9.999938011169433594e-01,9.999938011169433594e-01,9.999937415122985840e-01,9.999937415122985840e-01,9.999937415122985840e-01,9.999937415122985840e-01,9.999937415122985840e-01,9.999936223030090332e-01,9.999936223030090332e-01,9.994098544120788574e-01,9.998645782470703125e-01,9.999675154685974121e-01,9.999936223030090332e-01,9.999936223030090332e-01,9.999936223030090332e-01,9.999936223030090332e-01,9.999936223030090332e-01,9.999936223030090332e-01,9.999936223030090332e-01,9.999936223030090332e-01,9.999936223030090332e-01,9.999936223030090332e-01,9.999936223030090332e-01,9.999936223030090332e-01,9.999936223030090332e-01,9.948294758796691895e-01,9.986132979393005371e-01,9.996240139007568359e-01,9.998993277549743652e-01,9.996294379234313965e-01,9.998916983604431152e-01,9.999641776084899902e-01,9.999936223030090332e-01,9.999599456787109375e-01,9.999886155128479004e-01,9.999940991401672363e-01,9.999947547912597656e-01,9.999943375587463379e-01,9.999940395355224609e-01,9.999938607215881348e-01,9.999937415122985840e-01,9.999937415122985840e-01,9.999936223030090332e-01,9.999937415122985840e-01,9.999937415122985840e-01,9.870977401733398438e-01,9.954907894134521484e-01,9.988112449645996094e-01,9.996984004974365234e-01,9.979684352874755859e-01,9.994334578514099121e-01,9.998340010643005371e-01,9.999936223030090332e-01,9.999738335609436035e-01,9.999877810478210449e-01,9.999917149543762207e-01,9.999929070472717285e-01,9.999933242797851562e-01,9.999935030937194824e-01,9.999935626983642578e-01,9.999936223030090332e-01,9.999936223030090332e-01,9.999936223030090332e-01,9.999936223030090332e-01,9.999937415122985840e-01,9.970645904541015625e-01,9.991905093193054199e-01,9.997774958610534668e-01,9.999477267265319824e-01,9.994707107543945312e-01,9.998534321784973145e-01,9.999547004699707031e-01,9.999936223030090332e-01,9.999552369117736816e-01,9.999868273735046387e-01,9.999933838844299316e-01,9.999942779541015625e-01,9.999909400939941406e-01,9.999949932098388672e-01,9.999949336051940918e-01,9.999945163726806641e-01,9.999940991401672363e-01,9.999939799308776855e-01,9.999937415122985840e-01,9.999938011169433594e-01,9.872387051582336426e-01,9.960795044898986816e-01,9.988501667976379395e-01,9.996814727783203125e-01,9.993801116943359375e-01,9.998276829719543457e-01,9.999451637268066406e-01,9.999936223030090332e-01,9.999936223030090332e-01,9.999936223030090332e-01,9.999936223030090332e-01,9.999936223030090332e-01,9.999936223030090332e-01,9.999936223030090332e-01,9.999936223030090332e-01,9.999936223030090332e-01,9.999936223030090332e-01,9.999936223030090332e-01,9.999936223030090332e-01,9.999936223030090332e-01,9.993202686309814453e-01,9.997956156730651855e-01,9.997629523277282715e-01,9.999332427978515625e-01,9.999497532844543457e-01,9.999815821647644043e-01,9.999902248382568359e-01
9.999985098838806152e-01,9.983534812927246094e-01,9.996282458305358887e-01,9.999226927757263184e-01,9.999858736991882324e-01,9.999985098838806152e-01,1.000000000000000000e+00,9.999997019767761230e-01,9.999991059303283691e-01,9.999988079071044922e-01,9.999986290931701660e-01,9.999986290931701660e-01,9.999983906745910645e-01,9.999985694885253906e-01,9.999986290931701660e-01,9.999983906745910645e-01,9.999983906745910645e-01,9.999985098838806152e-01,9.999983906745910645e-01,9.999985098838806152e-01,9.999985098838806152e-01,9.996683001518249512e-01,9.999186396598815918e-01,9.999799728393554688e-01,9.999947547912597656e-01,9.999980330467224121e-01,9.999985694885253906e-01,9.999986290931701660e-01,9.999985098838806152e-01,9.999985098838806152e-01,9.999985098838806152e-01,9.999985098838806152e-01,9.999985098838806152e-01,9.999983906745910645e-01,9.999985098838806152e-01,9.999983906745910645e-01,9.999985098838806152e-01,9.993910789489746094e-01,9.998579025268554688e-01,9.999664425849914551e-01,9.999985098838806152e-01,9.999985098838806152e-01,9.999985098838806152e-01,9.999985098838806152e-01,9.999985098838806152e-01,9.999985098838806152e-01,9.999985098838806152e-01,9.999985098838806152e-01,9.999985098838806152e-01,9.999985098838806152e-01,9.999985098838806152e-01,9.999985098838806152e-01,9.999985098838806152e-01,9.947980046272277832e-01,9.986036419868469238e-01,9.996221065521240234e-01,9.999006390571594238e-01,9.996447563171386719e-01,9.999025464057922363e-01,9.999720454216003418e-01,9.999985098838806152e-01,9.999573230743408203e-01,9.999896883964538574e-01,9.999970793724060059e-01,9.999986290931701660e-01,9.999986290931701660e-01,9.999986290931701660e-01,9.999985098838806152e-01,9.999985098838806152e-01,9.999983906745910645e-01,9.999983906745910645e-01,9.999985098838806152e-01,9.999983906745910645e-01,9.869959354400634766e-01,9.954219460487365723e-01,9.987769126892089844e-01,9.996831417083740234e-01,9.979899525642395020e-01,9.994552731513977051e-01,9.998488426208496094e-01,9.999985098838806152e-01,9.999804496765136719e-01,9.999935030937194824e-01,9.999970793724060059e-01,9.999980330467224121e-01,9.999982714653015137e-01,9.999983310699462891e-01,9.999983906745910645e-01,9.999983906745910645e-01,9.999985098838806152e-01,9.999985098838806152e-01,9.999985098838806152e-01,9.999983310699462891e-01,9.970071911811828613e-01,9.991617798805236816e-01,9.997641444206237793e-01,9.999432563781738281e-01,9.994792938232421875e-01,9.998617172241210938e-01,9.999613761901855469e-01,9.999985098838806152e-01,9.999549388885498047e-01,9.999889731407165527e-01,9.999968409538269043e-01,9.999983906745910645e-01,9.999917149543762207e-01,9.999977946281433105e-01,9.999986290931701660e-01,9.999988079071044922e-01,9.999986290931701660e-01,9.999985694885253906e-01,9.999985098838806152e-01,9.999985098838806152e-01,9.872698187828063965e-01,9.960985183715820312e-01,9.988641738891601562e-01,9.996909499168395996e-01,9.993997216224670410e-01,9.998416900634765625e-01,9.999547004699707031e-01,9.999985098838806152e-01,9.999985098838806152e-01,9.999985098838806152e-01,9.999985098838806152e-01,9.999985098838806152e-01,9.999985098838806152e-01,9.999985098838806152e-01,9.999985098838806152e-01,9.999985098838806152e-01,9.999985098838806152e-01,9.999985098838806152e-01,9.999985098838806152e-01,9.999985098838806152e-01,9.993698000907897949e-01,9.998235702514648438e-01,9.997723698616027832e-01,9.999402165412902832e-01,9.999567866325378418e-01,9.999875426292419434e-01,9.999955296516418457e-01
9.999995231628417969e-01,9.983022809028625488e-01,9.996035099029541016e-01,9.999112486839294434e-01,9.999806284904479980e-01,9.999964833259582520e-01,9.999997019767761230e-01,1.000000000000000000e+00,9.999999403953552246e-01,9.999998211860656738e-01,9.999997019767761230e-01,9.999995827674865723e-01,9.999995827674865723e-01,9.999995827674865723e-01,9.999997019767761230e-01,9.999995231628417969e-01,9.999995231628417969e-01,9.999995231628417969e-01,9.999995231628417969e-01,9.999995827674865723e-01,9.999995231628417969e-01,9.996626377105712891e-01,9.999162554740905762e-01,9.999794960021972656e-01,9.999950528144836426e-01,9.999987483024597168e-01,9.999995231628417969e-01,9.999997019767761230e-01,9.999995827674865723e-01,9.999997019767761230e-01,9.999995231628417969e-01,9.999995231628417969e-01,9.999997019767761230e-01,9.999995827674865723e-01,9.999995827674865723e-01,9.999995231628417969e-01,9.999995827674865723e-01,9.993801116943359375e-01,9.998533129692077637e-01,9.999647736549377441e-01,9.999995231628417969e-01,9.999995231628417969e-01,9.999995231628417969e-01,9.999995231628417969e-01,9.999995231628417969e-01,9.999995231628417969e-01,9.999995231628417969e-01,9.999995231628417969e-01,9.999995231628417969e-01,9.999995231628417969e-01,9.999995231628417969e-01,9.999995231628417969e-01,9.999995231628417969e-01,9.947807192802429199e-01,9.985974431037902832e-01,9.996197223663330078e-01,9.999000430107116699e-01,9.996512532234191895e-01,9.999067187309265137e-01,9.999747276306152344e-01,9.999995231628417969e-01,9.999547600746154785e-01,9.999889731407165527e-01,9.999973773956298828e-01,9.999992251396179199e-01,9.999995827674865723e-01,9.999997019767761230e-01,9.999997019767761230e-01,9.999997019767761230e-01,9.999995231628417969e-01,9.999995231628417969e-01,9.999995827674865723e-01,9.999995827674865723e-01,9.869434237480163574e-01,9.953861236572265625e-01,9.987583756446838379e-01,9.996741414070129395e-01,9.979993700981140137e-01,9.994649291038513184e-01,9.998550415039062500e-01,9.999995231628417969e-01,9.999824166297912598e-01,9.999950528144836426e-01,9.999983906745910645e-01,9.999992251396179199e-01,9.999995231628417969e-01,9.999995827674865723e-01,9.999995231628417969e-01,9.999995231628417969e-01,9.999997019767761230e-01,9.999995827674865723e-01,9.999995231628417969e-01,9.999995231628417969e-01,9.969771504402160645e-01,9.991461634635925293e-01,9.997560381889343262e-01,9.999397397041320801e-01,9.994823336601257324e-01,9.998645782470703125e-01,9.999633431434631348e-01,9.999995231628417969e-01,9.999535083770751953e-01,9.999888539314270020e-01,9.999973177909851074e-01,9.999992251396179199e-01,9.999909400939941406e-01,9.999978542327880859e-01,9.999993443489074707e-01,9.999997019767761230e-01,9.999997019767761230e-01,9.999997019767761230e-01,9.999997019767761230e-01,9.999995231628417969e-01,9.872843623161315918e-01,9.961068630218505859e-01,9.988698959350585938e-01,9.996943473815917969e-01,9.994082450866699219e-01,9.998473525047302246e-01,9.999582171440124512e-01,9.999995231628417969e-01,9.999995231628417969e-01,9.999995231628417969e-01,9.999995231628417969e-01,9.999995231628417969e-01,9.999995231628417969e-01,9.999995231628417969e-01,9.999995231628417969e-01,9.999995231628417969e-01,9.999995231628417969e-01,9.999995231628417969e-01,9.999995231628417969e-01,9.999995231628417969e-01,9.993932843208312988e-01,9.998362660408020020e-01,9.997758865356445312e-01,9.999425411224365234e-01,9.999590516090393066e-01,9.999890923500061035e-01,9.999969005584716797e-01
9.999998211860656738e-01,9.982765316963195801e-01,9.995909333229064941e-01,9.999051690101623535e-01,9.999778866767883301e-01,9.999950528144836426e-01,9.999991059303283691e-01,9.999999403953552246e-01,1.000000000000000000e+00,1.000000000000000000e+00,1.000000000000000000e+00,1.000000000000000000e+00,9.999999403953552246e-01,1.000000000000000000e+00,9.999999403953552246e-01,9.999998211860656738e-01,9.999998211860656738e-01,9.999998211860656738e-01,1.000000000000000000e+00,1.000000000000000000e+00,9.999998211860656738e-01,9.996595382690429688e-01,9.999149441719055176e-01,9.999789595603942871e-01,9.999949336051940918e-01,9.999988079071044922e-01,9.999997019767761230e-01,9.999998211860656738e-01,9.999999403953552246e-01,1.000000000000000000e+00,1.000000000000000000e+00,9.999999403953552246e-01,1.000000000000000000e+00,9.999999403953552246e-01,9.999999403953552246e-01,9.999999403953552246e-01,1.000000000000000000e+00,9.993745684623718262e-01,9.998508095741271973e-01,9.999637603759765625e-01,9.999998211860656738e-01,9.999998211860656738e-01,9.999998211860656738e-01,9.999998211860656738e-01,9.999998211860656738e-01,9.999998211860656738e-01,9.999998211860656738e-01,9.999998211860656738e-01,9.999998211860656738e-01,9.999998211860656738e-01,9.999998211860656738e-01,9.999998211860656738e-01,9.999998211860656738e-01,9.947717785835266113e-01,9.985939860343933105e-01,9.996183514595031738e-01,9.998994469642639160e-01,9.996541142463684082e-01,9.999086260795593262e-01,9.999759793281555176e-01,9.999998211860656738e-01,9.999532699584960938e-01,9.999883174896240234e-01,9.999973177909851074e-01,9.999993443489074707e-01,9.999998211860656738e-01,1.000000000000000000e+00,9.999999403953552246e-01,1.000000000000000000e+00,9.999998211860656738e-01,9.999998211860656738e-01,1.000000000000000000e+00,9.999999403953552246e-01,9.869168400764465332e-01,9.953680038452148438e-01,9.987489581108093262e-01,9.996695518493652344e-01,9.980039000511169434e-01,9.994694590568542480e-01,9.998579025268554688e-01,9.999998211860656738e-01,9.999832510948181152e-01,9.999956488609313965e-01,9.999988079071044922e-01,9.999997019767761230e-01,9.999998211860656738e-01,1.000000000000000000e+00,1.000000000000000000e+00,9.999998211860656738e-01,1.000000000000000000e+00,1.000000000000000000e+00,9.999998211860656738e-01,9.999999403953552246e-01,9.969620108604431152e-01,9.991379380226135254e-01,9.997518062591552734e-01,9.999377131462097168e-01,9.994835853576660156e-01,9.998655915260314941e-01,9.999641776084899902e-01,9.999998211860656738e-01,9.999526143074035645e-01,9.999885559082031250e-01,9.999971985816955566e-01,9.999993443489074707e-01,9.999902844429016113e-01,9.999976158142089844e-01,9.999995231628417969e-01,9.999998211860656738e-01,1.000000000000000000e+00,1.000000000000000000e+00,9.999999403953552246e-01,9.999998211860656738e-01,9.872913360595703125e-01,9.961107373237609863e-01,9.988725185394287109e-01,9.996957778930664062e-01,9.994122385978698730e-01,9.998499751091003418e-01,9.999597072601318359e-01,9.999998211860656738e-01,9.999998211860656738e-01,9.999998211860656738e-01,9.999998211860656738e-01,9.999998211860656738e-01,9.999998211860656738e-01,9.999998211860656738e-01,9.999998211860656738e-01,9.999998211860656738e-01,9.999998211860656738e-01,9.999998211860656738e-01,9.999998211860656738e-01,9.999998211860656738e-01,9.994048476219177246e-01,9.998424649238586426e-01,9.997773170471191406e-01,9.999435544013977051e-01,9.999599456787109375e-01,9.999896883964538574e-01,9.999973773956298828e-01
1.000000000000000000e+00,9.982635378837585449e-01,9.995846748352050781e-01,9.999021887779235840e-01,9.999763965606689453e-01,9.999945163726806641e-01,9.999988079071044922e-01,9.999998211860656738e-01,1.000000000000000000e+00,1.000000000000000000e+00,1.000000000000000000e+00,1.000000000000000000e+00,1.000000000000000000e+00,1.000000000000000000e+00,1.000000119209289551e+00,1.000000000000000000e+00,1.000000000000000000e+00,1.000000119209289551e+00,1.000000000000000000e+00,1.000000000000000000e+00,1.000000000000000000e+00,9.996579289436340332e-01,9.999141097068786621e-01,9.999787211418151855e-01,9.999947547912597656e-01,9.999988079071044922e-01,9.999998211860656738e-01,9.999999403953552246e-01,1.000000000000000000e+00,1.000000119209289551e+00,1.000000000000000000e+00,1.000000000000000000e+00,1.000000000000000000e+00,1.000000000000000000e+00,1.000000119209289551e+00,9.999998211860656738e-01,1.000000000000000000e+00,9.993715882301330566e-01,9.998493790626525879e-01,9.999630451202392578e-01,1.000000000000000000e+00,1.000000000000000000e+00,1.000000000000000000e+00,1.000000000000000000e+00,1.000000000000000000e+00,1.000000000000000000e+00,1.000000000000000000e+00,1.000000000000000000e+00,1.000000000000000000e+00,1.000000000000000000e+00,1.000000000000000000e+00,1.000000000000000000e+00,1.000000000000000000e+00,9.947671890258789062e-01,9.985921382904052734e-01,9.996175765991210938e-01,9.998991489410400391e-01,9.996555447578430176e-01,9.999094009399414062e-01,9.999763369560241699e-01,1.000000000000000000e+00,9.999524950981140137e-01,9.999880790710449219e-01,9.999971389770507812e-01,9.999993443489074707e-01,9.999998211860656738e-01,1.000000000000000000e+00,1.000000000000000000e+00,1.000000000000000000e+00,1.000000000000000000e+00,1.000000119209289551e+00,1.000000000000000000e+00,1.000000000000000000e+00,9.869036078453063965e-01,9.953587651252746582e-01,9.987441897392272949e-01,9.996671080589294434e-01,9.980060458183288574e-01,9.994716048240661621e-01,9.998592734336853027e-01,1.000000000000000000e+00,9.999834895133972168e-01,9.999957084655761719e-01,9.999989867210388184e-01,9.999997615814208984e-01,1.000000000000000000e+00,1.000000000000000000e+00,1.000000000000000000e+00,1.000000000000000000e+00,1.000000000000000000e+00,1.000000000000000000e+00,1.000000000000000000e+00,1.000000000000000000e+00,9.969542026519775391e-01,9.991340041160583496e-01,9.997496008872985840e-01,9.999366402626037598e-01,9.994841217994689941e-01,9.998661875724792480e-01,9.999644160270690918e-01,1.000000000000000000e+00,9.999520182609558105e-01,9.999883770942687988e-01,9.999973177909851074e-01,9.999993443489074707e-01,9.999897480010986328e-01,9.999976158142089844e-01,9.999994635581970215e-01,9.999999403953552246e-01,1.000000000000000000e+00,1.000000000000000000e+00,1.000000000000000000e+00,1.000000000000000000e+00,9.872946739196777344e-01,9.961125850677490234e-01,9.988737106323242188e-01,9.996964335441589355e-01,9.994141459465026855e-01,9.998512268066406250e-01,9.999603629112243652e-01,1.000000000000000000e+00,1.000000000000000000e+00,1.000000000000000000e+00,1.000000000000000000e+00,1.000000000000000000e+00,1.000000000000000000e+00,1.000000000000000000e+00,1.000000000000000000e+00,1.000000000000000000e+00,1.000000000000000000e+00,1.000000000000000000e+00,1.000000000000000000e+00,1.000000000000000000e+00,9.994106292724609375e-01,9.998454451560974121e-01,9.997780323028564453e-01,9.999439716339111328e-01,9.999603629112243652e-01,9.999899864196777344e-01,9.999974370002746582e-01
1.000000000000000000e+00,9.982569813728332520e-01,9.995813369750976562e-01,9.999005198478698730e-01,9.999755024909973145e-01,9.999940395355224609e-01,9.999986290931701660e-01,9.999997019767761230e-01,1.000000000000000000e+00,1.000000000000000000e+00,1.000000000000000000e+00,1.000000000000000000e+00,1.000000000000000000e+00,9.999999403953552246e-01,1.000000000000000000e+00,9.999998211860656738e-01,9.999998211860656738e-01,9.999999403953552246e-01,9.999999403953552246e-01,1.000000000000000000e+00,1.000000000000000000e+00,9.996569752693176270e-01,9.999136924743652344e-01,9.999783635139465332e-01,9.999945759773254395e-01,9.999986290931701660e-01,9.999997019767761230e-01,9.999998211860656738e-01,1.000000000000000000e+00,1.000000000000000000e+00,1.000000000000000000e+00,1.000000119209289551e+00,1.000000000000000000e+00,9.999999403953552246e-01,1.000000000000000000e+00,1.000000000000000000e+00,1.000000000000000000e+00,9.993700981140136719e-01,9.998486042022705078e-01,9.999627470970153809e-01,1.000000000000000000e+00,1.000000000000000000e+00,1.000000000000000000e+00,1.000000000000000000e+00,1.000000000000000000e+00,1.000000000000000000e+00,1.000000000000000000e+00,1.000000000000000000e+00,1.000000000000000000e+00,1.000000000000000000e+00,1.000000000000000000e+00,1.000000000000000000e+00,1.000000000000000000e+00,9.947648048400878906e-01,9.985912442207336426e-01,9.996170997619628906e-01,9.998989105224609375e-01,9.996562004089355469e-01,9.999096989631652832e-01,9.999764561653137207e-01,1.000000000000000000e+00,9.999518990516662598e-01,9.999876618385314941e-01,9.999969005584716797e-01,9.999992847442626953e-01,9.999998211860656738e-01,1.000000000000000000e+00,1.000000000000000000e+00,9.999999403953552246e-01,1.000000000000000000e+00,1.000000000000000000e+00,1.000000000000000000e+00,1.000000000000000000e+00,9.868968129158020020e-01,9.953541159629821777e-01,9.987415671348571777e-01,9.996657967567443848e-01,9.980068802833557129e-01,9.994726777076721191e-01,9.998598098754882812e-01,1.000000000000000000e+00,9.999835491180419922e-01,9.999957680702209473e-01,9.999988675117492676e-01,9.999998211860656738e-01,9.999998211860656738e-01,9.999999403953552246e-01,9.999998211860656738e-01,9.999999403953552246e-01,1.000000000000000000e+00,1.000000000000000000e+00,1.000000000000000000e+00,9.999999403953552246e-01,9.969502091407775879e-01,9.991317391395568848e-01,9.997484683990478516e-01,9.999359250068664551e-01,9.994842410087585449e-01,9.998664259910583496e-01,9.999645352363586426e-01,1.000000000000000000e+00,9.999517798423767090e-01,9.999880790710449219e-01,9.999970793724060059e-01,9.999992251396179199e-01,9.999895095825195312e-01,9.999974370002746582e-01,9.999993443489074707e-01,9.999997615814208984e-01,9.999999403953552246e-01,9.999999403953552246e-01,1.000000000000000000e+00,1.000000000000000000e+00,9.872963428497314453e-01,9.961134791374206543e-01,9.988743662834167480e-01,9.996966719627380371e-01,9.994150996208190918e-01,9.998517036437988281e-01,9.999606013298034668e-01,1.000000000000000000e+00,1.000000000000000000e+00,1.000000000000000000e+00,1.000000000000000000e+00,1.000000000000000000e+00,1.000000000000000000e+00,1.000000000000000000e+00,1.000000000000000000e+00,1.000000000000000000e+00,1.000000000000000000e+00,1.000000000000000000e+00,1.000000000000000000e+00,1.000000000000000000e+00,9.994133114814758301e-01,9.998467564582824707e-01,9.997782707214355469e-01,9.999439716339111328e-01,9.999604821205139160e-01,9.999899864196777344e-01,9.999974370002746582e-01
