1.000000000000000000e+00,9.992656707763671875e-01,9.998171925544738770e-01,9.999546408653259277e-01,9.999887347221374512e-01,9.999973177909851074e-01,9.999992847442626953e-01,9.999998211860656738e-01,1.000000000000000000e+00,1.000000000000000000e+00,1.000000000000000000e+00,1.000000000000000000e+00,1.000000119209289551e+00,1.000000000000000000e+00,1.000000000000000000e+00,1.000000000000000000e+00,1.000000000000000000e+00,9.634552597999572754e-01,9.900286793708801270e-01,9.974670410156250000e-01,1.000000000000000000e+00,9.927206039428710938e-01,9.981141090393066406e-01,9.995114207267761230e-01,9.998745918273925781e-01,9.999678730964660645e-01,9.999919533729553223e-01,9.999979138374328613e-01,9.999995231628417969e-01,9.999999403953552246e-01,1.000000000000000000e+00,1.000000000000000000e+00,1.000000000000000000e+00,1.000000000000000000e+00,1.000000000000000000e+00,1.000000000000000000e+00,1.000000000000000000e+00,9.844781756401062012e-01,9.954470992088317871e-01,9.987789988517761230e-01,1.000000000000000000e+00,9.891880154609680176e-01,9.975916743278503418e-01,9.993858933448791504e-01,9.998431205749511719e-01,9.999597668647766113e-01,9.999897480010986328e-01,9.999974370002746582e-01,9.999993443489074707e-01,9.999998211860656738e-01,1.000000000000000000e+00,1.000000119209289551e+00,1.000000000000000000e+00,1.000000000000000000e+00,1.000000000000000000e+00,1.000000119209289551e+00,1.000000000000000000e+00,9.810759425163269043e-01,9.951640963554382324e-01,9.987934231758117676e-01,1.000000000000000000e+00,9.902009963989257812e-01,9.978537559509277344e-01,9.994689822196960449e-01,9.998663067817687988e-01,9.999656677246093750e-01,9.999912381172180176e-01,9.999978542327880859e-01,9.999995231628417969e-01,9.999998211860656738e-01,1.000000000000000000e+00,1.000000000000000000e+00,1.000000119209289551e+00,9.999999403953552246e-01,1.000000000000000000e+00,9.999999403953552246e-01,1.000000000000000000e+00,9.734148979187011719e-01,9.904153347015380859e-01,9.963796734809875488e-01,1.000000000000000000e+00,9.842308163642883301e-01,9.950680732727050781e-01,9.987437129020690918e-01,9.996693730354309082e-01,9.999170303344726562e-01,9.999793171882629395e-01,9.999948143959045410e-01,9.999987483024597168e-01,9.999997019767761230e-01,9.999998211860656738e-01,1.000000000000000000e+00,1.000000000000000000e+00,1.000000119209289551e+00,1.000000000000000000e+00,1.000000119209289551e+00,1.000000000000000000e+00,9.775394797325134277e-01,9.943055510520935059e-01,9.985492825508117676e-01,1.000000000000000000e+00,1.000000000000000000e+00,1.000000000000000000e+00,1.000000000000000000e+00,1.000000000000000000e+00,1.000000000000000000e+00,1.000000000000000000e+00,1.000000000000000000e+00,1.000000000000000000e+00,1.000000000000000000e+00,1.000000000000000000e+00,1.000000000000000000e+00,1.000000000000000000e+00,1.000000000000000000e+00,1.000000000000000000e+00,1.000000000000000000e+00,1.000000000000000000e+00,9.931473731994628906e-01,9.987708926200866699e-01,9.997193813323974609e-01,1.000000000000000000e+00,1.000000000000000000e+00,1.000000000000000000e+00,1.000000000000000000e+00,1.000000000000000000e+00,1.000000000000000000e+00,1.000000000000000000e+00,1.000000000000000000e+00,1.000000000000000000e+00,1.000000000000000000e+00,1.000000000000000000e+00,1.000000000000000000e+00,1.000000000000000000e+00,1.000000000000000000e+00,1.000000000000000000e+00,9.999947547912597656e-01,9.999987483024597168e-01,9.961135387420654297e-01,9.993012547492980957e-01,9.998208880424499512e-01
9.992656707763671875e-01,1.000000000000000000e+00,9.998149871826171875e-01,9.995849728584289551e-01,9.994363188743591309e-01,9.993538260459899902e-01,9.993104934692382812e-01,9.992882609367370605e-01,9.992769360542297363e-01,9.992713928222656250e-01,9.992685317993164062e-01,9.992671012878417969e-01,9.992664456367492676e-01,9.992659687995910645e-01,9.992659091949462891e-01,9.992656707763671875e-01,9.992657303810119629e-01,9.658541679382324219e-01,9.919292926788330078e-01,9.981417655944824219e-01,9.992656707763671875e-01,9.889400005340576172e-01,9.958400130271911621e-01,9.979959130287170410e-01,9.987428784370422363e-01,9.990293979644775391e-01,9.991548657417297363e-01,9.992123246192932129e-01,9.992395043373107910e-01,9.992527961730957031e-01,9.992592334747314453e-01,9.992625117301940918e-01,9.992640614509582520e-01,9.992648959159851074e-01,9.992652535438537598e-01,9.992654919624328613e-01,9.992656111717224121e-01,9.803727269172668457e-01,9.928109049797058105e-01,9.970409274101257324e-01,9.992656707763671875e-01,9.844837784767150879e-01,9.950240254402160645e-01,9.977283477783203125e-01,9.986413121223449707e-01,9.989860057830810547e-01,9.991338253021240234e-01,9.992022514343261719e-01,9.992346763610839844e-01,9.992502331733703613e-01,9.992580413818359375e-01,9.992618560791015625e-01,9.992637634277343750e-01,9.992647767066955566e-01,9.992651939392089844e-01,9.992654323577880859e-01,9.992656111717224121e-01,9.789192080497741699e-01,9.935998916625976562e-01,9.976477622985839844e-01,9.992656707763671875e-01,9.855976104736328125e-01,9.953390955924987793e-01,9.978485107421875000e-01,9.986834526062011719e-01,9.990012645721435547e-01,9.991395473480224609e-01,9.992048144340515137e-01,9.992356896400451660e-01,9.992508888244628906e-01,9.992583394050598145e-01,9.992620348930358887e-01,9.992639422416687012e-01,9.992647767066955566e-01,9.992652535438537598e-01,9.992654323577880859e-01,9.992656111717224121e-01,9.741635918617248535e-01,9.912247657775878906e-01,9.968247413635253906e-01,9.992656707763671875e-01,9.849089980125427246e-01,9.953776001930236816e-01,9.985285401344299316e-01,9.992087483406066895e-01,9.993184208869934082e-01,9.993124604225158691e-01,9.992942214012145996e-01,9.992812275886535645e-01,9.992737174034118652e-01,9.992697834968566895e-01,9.992678165435791016e-01,9.992666244506835938e-01,9.992661476135253906e-01,9.992659687995910645e-01,9.992658495903015137e-01,9.992658495903015137e-01,9.765618443489074707e-01,9.935348033905029297e-01,9.978887438774108887e-01,9.992656707763671875e-01,9.992656707763671875e-01,9.992656707763671875e-01,9.992656707763671875e-01,9.992656707763671875e-01,9.992656707763671875e-01,9.992656707763671875e-01,9.992656707763671875e-01,9.992656707763671875e-01,9.992656707763671875e-01,9.992656707763671875e-01,9.992656707763671875e-01,9.992656707763671875e-01,9.992656707763671875e-01,9.992656707763671875e-01,9.992656707763671875e-01,9.992656707763671875e-01,9.891188740730285645e-01,9.966199994087219238e-01,9.983046650886535645e-01,9.992656707763671875e-01,9.992656707763671875e-01,9.992656707763671875e-01,9.992656707763671875e-01,9.992656707763671875e-01,9.992656707763671875e-01,9.992656707763671875e-01,9.992656707763671875e-01,9.992656707763671875e-01,9.992656707763671875e-01,9.992656707763671875e-01,9.992656707763671875e-01,9.992656707763671875e-01,9.992656707763671875e-01,9.992656707763671875e-01,9.992911815643310547e-01,9.992797374725341797e-01,9.928567409515380859e-01,9.974803328514099121e-01,9.985349774360656738e-01
9.998171925544738770e-01,9.998149871826171875e-01,1.000000000000000000e+00,9.999539256095886230e-01,9.998967647552490234e-01,9.998598098754882812e-01,9.998393058776855469e-01,9.998283386230468750e-01,9.998227953910827637e-01,9.998200535774230957e-01,9.998185634613037109e-01,9.998178482055664062e-01,9.998175501823425293e-01,9.998173713684082031e-01,9.998171925544738770e-01,9.998171925544738770e-01,9.998171925544738770e-01,9.648237228393554688e-01,9.911550879478454590e-01,9.979854226112365723e-01,9.998171925544738770e-01,9.910266399383544922e-01,9.971678853034973145e-01,9.989413619041442871e-01,9.994948506355285645e-01,9.996839165687561035e-01,9.997582435607910156e-01,9.997897148132324219e-01,9.998039603233337402e-01,9.998106956481933594e-01,9.998140335083007812e-01,9.998156428337097168e-01,9.998164176940917969e-01,9.998168349266052246e-01,9.998169541358947754e-01,9.998170733451843262e-01,9.998171329498291016e-01,9.826386570930480957e-01,9.943299889564514160e-01,9.981034398078918457e-01,9.998171925544738770e-01,9.870371222496032715e-01,9.964997172355651855e-01,9.987454414367675781e-01,9.994285702705383301e-01,9.996581673622131348e-01,9.997466206550598145e-01,9.997844099998474121e-01,9.998013973236083984e-01,9.998095035552978516e-01,9.998133182525634766e-01,9.998152852058410645e-01,9.998162388801574707e-01,9.998167157173156738e-01,9.998169541358947754e-01,9.998171329498291016e-01,9.998171329498291016e-01,9.801878333091735840e-01,9.945704340934753418e-01,9.984070658683776855e-01,9.998171925544738770e-01,9.881023764610290527e-01,9.967891573905944824e-01,9.988473057746887207e-01,9.994613528251647949e-01,9.996688961982727051e-01,9.997504353523254395e-01,9.997859597206115723e-01,9.998021125793457031e-01,9.998097419738769531e-01,9.998134970664978027e-01,9.998152852058410645e-01,9.998163580894470215e-01,9.998167157173156738e-01,9.998169541358947754e-01,9.998170733451843262e-01,9.998171925544738770e-01,9.739655852317810059e-01,9.909968972206115723e-01,9.967808127403259277e-01,9.998171925544738770e-01,9.847440719604492188e-01,9.954017996788024902e-01,9.988188147544860840e-01,9.996228218078613281e-01,9.998016953468322754e-01,9.998300671577453613e-01,9.998288750648498535e-01,9.998242855072021484e-01,9.998210072517395020e-01,9.998192191123962402e-01,9.998181462287902832e-01,9.998178482055664062e-01,9.998174309730529785e-01,9.998173117637634277e-01,9.998173117637634277e-01,9.998171925544738770e-01,9.772104620933532715e-01,9.940994381904602051e-01,9.984028935432434082e-01,9.998171925544738770e-01,9.998171925544738770e-01,9.998171925544738770e-01,9.998171925544738770e-01,9.998171925544738770e-01,9.998171925544738770e-01,9.998171925544738770e-01,9.998171925544738770e-01,9.998171925544738770e-01,9.998171925544738770e-01,9.998171925544738770e-01,9.998171925544738770e-01,9.998171925544738770e-01,9.998171925544738770e-01,9.998171925544738770e-01,9.998171925544738770e-01,9.998171925544738770e-01,9.913344979286193848e-01,9.978866577148437500e-01,9.991995692253112793e-01,9.998171925544738770e-01,9.998171925544738770e-01,9.998171925544738770e-01,9.998171925544738770e-01,9.998171925544738770e-01,9.998171925544738770e-01,9.998171925544738770e-01,9.998171925544738770e-01,9.998171925544738770e-01,9.998171925544738770e-01,9.998171925544738770e-01,9.998171925544738770e-01,9.998171925544738770e-01,9.998171925544738770e-01,9.998171925544738770e-01,9.998269677162170410e-01,9.998233914375305176e-01,9.946823120117187500e-01,9.985799789428710938e-01,9.993646740913391113e-01
9.999546408653259277e-01,9.995849728584289551e-01,9.999539256095886230e-01,1.000000000000000000e+00,9.999887347221374512e-01,9.999744892120361328e-01,9.999651908874511719e-01,9.999601244926452637e-01,9.999575018882751465e-01,9.999559521675109863e-01,9.999553561210632324e-01,9.999549984931945801e-01,9.999547600746154785e-01,9.999546408653259277e-01,9.999547004699707031e-01,9.999546408653259277e-01,9.999546408653259277e-01,9.641802310943603516e-01,9.906347393989562988e-01,9.977708458900451660e-01,9.999546408653259277e-01,9.919232726097106934e-01,9.976889491081237793e-01,9.992733597755432129e-01,9.997312426567077637e-01,9.998722076416015625e-01,9.999211430549621582e-01,9.999399185180664062e-01,9.999477267265319824e-01,9.999513030052185059e-01,9.999530315399169922e-01,9.999537467956542969e-01,9.999541640281677246e-01,9.999542832374572754e-01,9.999545216560363770e-01,9.999544620513916016e-01,9.999545216560363770e-01,9.836099147796630859e-01,9.949379563331604004e-01,9.984891414642333984e-01,9.999546408653259277e-01,9.881634712219238281e-01,9.970939755439758301e-01,9.991127848625183105e-01,9.996824860572814941e-01,9.998553395271301270e-01,9.999143481254577637e-01,9.999369978904724121e-01,9.999464154243469238e-01,9.999505877494812012e-01,9.999526143074035645e-01,9.999536871910095215e-01,9.999540448188781738e-01,9.999544024467468262e-01,9.999544620513916016e-01,9.999546408653259277e-01,9.999545216560363770e-01,9.806799888610839844e-01,9.949145913124084473e-01,9.986471533775329590e-01,9.999546408653259277e-01,9.892029762268066406e-01,9.973697662353515625e-01,9.992054104804992676e-01,9.997103810310363770e-01,9.998638033866882324e-01,9.999170303344726562e-01,9.999379515647888184e-01,9.999467730522155762e-01,9.999508857727050781e-01,9.999527335166931152e-01,9.999536871910095215e-01,9.999541640281677246e-01,9.999544024467468262e-01,9.999545216560363770e-01,9.999544620513916016e-01,9.999545216560363770e-01,9.737345576286315918e-01,9.907503128051757812e-01,9.966247081756591797e-01,9.999546408653259277e-01,9.845315814018249512e-01,9.952797889709472656e-01,9.988268017768859863e-01,9.996919631958007812e-01,9.999053478240966797e-01,9.999506473541259766e-01,9.999577403068542480e-01,9.999575614929199219e-01,9.999563694000244141e-01,9.999555945396423340e-01,9.999549984931945801e-01,9.999548792839050293e-01,9.999547004699707031e-01,9.999547004699707031e-01,9.999546408653259277e-01,9.999545216560363770e-01,9.774191975593566895e-01,9.942486286163330078e-01,9.985222816467285156e-01,9.999546408653259277e-01,9.999546408653259277e-01,9.999546408653259277e-01,9.999546408653259277e-01,9.999546408653259277e-01,9.999546408653259277e-01,9.999546408653259277e-01,9.999546408653259277e-01,9.999546408653259277e-01,9.999546408653259277e-01,9.999546408653259277e-01,9.999546408653259277e-01,9.999546408653259277e-01,9.999546408653259277e-01,9.999546408653259277e-01,9.999546408653259277e-01,9.999546408653259277e-01,9.922919273376464844e-01,9.983768463134765625e-01,9.995062351226806641e-01,9.999546408653259277e-01,9.999546408653259277e-01,9.999546408653259277e-01,9.999546408653259277e-01,9.999546408653259277e-01,9.999546408653259277e-01,9.999546408653259277e-01,9.999546408653259277e-01,9.999546408653259277e-01,9.999546408653259277e-01,9.999546408653259277e-01,9.999546408653259277e-01,9.999546408653259277e-01,9.999546408653259277e-01,9.999546408653259277e-01,9.999567866325378418e-01,9.999569058418273926e-01,9.954475760459899902e-01,9.989880919456481934e-01,9.996395111083984375e-01
9.999887347221374512e-01,9.994363188743591309e-01,9.998967647552490234e-01,9.999887347221374512e-01,1.000000000000000000e+00,9.999971389770507812e-01,9.999935626983642578e-01,9.999912381172180176e-01,9.999900460243225098e-01,9.999893307685852051e-01,9.999890327453613281e-01,9.999888539314270020e-01,9.999887943267822266e-01,9.999887347221374512e-01,9.999886155128479004e-01,9.999886155128479004e-01,9.999886155128479004e-01,9.638278484344482422e-01,9.903421998023986816e-01,9.976298809051513672e-01,9.999887347221374512e-01,9.923341870307922363e-01,9.979133605957031250e-01,9.994039535522460938e-01,9.998143315315246582e-01,9.999315142631530762e-01,9.999679923057556152e-01,9.999804496765136719e-01,9.999850392341613770e-01,9.999869465827941895e-01,9.999879002571105957e-01,9.999883174896240234e-01,9.999884963035583496e-01,9.999886155128479004e-01,9.999886155128479004e-01,9.999885559082031250e-01,9.999885559082031250e-01,9.840567708015441895e-01,9.952047467231750488e-01,9.986459612846374512e-01,9.999887347221374512e-01,9.886882901191711426e-01,9.973547458648681641e-01,9.992609620094299316e-01,9.997744560241699219e-01,9.999189376831054688e-01,9.999634623527526855e-01,9.999786019325256348e-01,9.999842643737792969e-01,9.999866485595703125e-01,9.999876618385314941e-01,9.999882578849792480e-01,9.999884963035583496e-01,9.999886155128479004e-01,9.999886155128479004e-01,9.999885559082031250e-01,9.999885559082031250e-01,9.808899760246276855e-01,9.950510859489440918e-01,9.987319111824035645e-01,9.999887347221374512e-01,9.897146224975585938e-01,9.976237416267395020e-01,9.993488192558288574e-01,9.997999072074890137e-01,9.999262690544128418e-01,9.999654889106750488e-01,9.999793171882629395e-01,9.999844431877136230e-01,9.999867081642150879e-01,9.999877810478210449e-01,9.999881386756896973e-01,9.999885559082031250e-01,9.999885559082031250e-01,9.999886155128479004e-01,9.999886155128479004e-01,9.999887347221374512e-01,9.735856056213378906e-01,9.905937314033508301e-01,9.965131878852844238e-01,9.999887347221374512e-01,9.843921661376953125e-01,9.951848983764648438e-01,9.987965226173400879e-01,9.996919631958007812e-01,9.999225139617919922e-01,9.999763369560241699e-01,9.999876618385314941e-01,9.999894499778747559e-01,9.999892711639404297e-01,9.999890327453613281e-01,9.999887943267822266e-01,9.999887347221374512e-01,9.999887943267822266e-01,9.999887347221374512e-01,9.999886155128479004e-01,9.999887347221374512e-01,9.774903655052185059e-01,9.942884445190429688e-01,9.985470771789550781e-01,9.999887347221374512e-01,9.999887347221374512e-01,9.999887347221374512e-01,9.999887347221374512e-01,9.999887347221374512e-01,9.999887347221374512e-01,9.999887347221374512e-01,9.999887347221374512e-01,9.999887347221374512e-01,9.999887347221374512e-01,9.999887347221374512e-01,9.999887347221374512e-01,9.999887347221374512e-01,9.999887347221374512e-01,9.999887347221374512e-01,9.999887347221374512e-01,9.999887347221374512e-01,9.927322268486022949e-01,9.985857009887695312e-01,9.996244311332702637e-01,9.999887347221374512e-01,9.999887347221374512e-01,9.999887347221374512e-01,9.999887347221374512e-01,9.999887347221374512e-01,9.999887347221374512e-01,9.999887347221374512e-01,9.999887347221374512e-01,9.999887347221374512e-01,9.999887347221374512e-01,9.999887347221374512e-01,9.999887347221374512e-01,9.999887347221374512e-01,9.999887347221374512e-01,9.999887347221374512e-01,9.999870657920837402e-01,9.999892115592956543e-01,9.957928061485290527e-01,9.991564750671386719e-01,9.997416138648986816e-01
9.999973177909851074e-01,9.993538260459899902e-01,9.998598098754882812e-01,9.999744892120361328e-01,9.999971389770507812e-01,1.000000000000000000e+00,9.999992251396179199e-01,9.999983906745910645e-01,9.999978542327880859e-01,9.999976754188537598e-01,9.999973177909851074e-01,9.999973177909851074e-01,9.999973177909851074e-01,9.999971985816955566e-01,9.999971985816955566e-01,9.999971985816955566e-01,9.999971985816955566e-01,9.636442065238952637e-01,9.901883006095886230e-01,9.975512623786926270e-01,9.999973177909851074e-01,9.925305843353271484e-01,9.980166554450988770e-01,9.994607567787170410e-01,9.998474717140197754e-01,9.999525547027587891e-01,9.999828338623046875e-01,9.999919533729553223e-01,9.999951720237731934e-01,9.999962449073791504e-01,9.999968409538269043e-01,9.999969601631164551e-01,9.999971389770507812e-01,9.999971389770507812e-01,9.999971389770507812e-01,9.999971389770507812e-01,9.999971985816955566e-01,9.842707514762878418e-01,9.953289628028869629e-01,9.987155795097351074e-01,9.999973177909851074e-01,9.889412522315979004e-01,9.974762797355651855e-01,9.993264079093933105e-01,9.998116493225097656e-01,9.999423027038574219e-01,9.999794363975524902e-01,9.999908804893493652e-01,9.999947547912597656e-01,9.999961256980895996e-01,9.999966621398925781e-01,9.999970793724060059e-01,9.999971389770507812e-01,9.999971389770507812e-01,9.999971389770507812e-01,9.999971389770507812e-01,9.999973177909851074e-01,9.809859395027160645e-01,9.951104521751403809e-01,9.987656474113464355e-01,9.999973177909851074e-01,9.899610877037048340e-01,9.977417588233947754e-01,9.994118809700012207e-01,9.998359680175781250e-01,9.999487996101379395e-01,9.999812245368957520e-01,9.999914169311523438e-01,9.999947547912597656e-01,9.999961853027343750e-01,9.999967217445373535e-01,9.999968409538269043e-01,9.999971389770507812e-01,9.999971389770507812e-01,9.999971389770507812e-01,9.999971389770507812e-01,9.999971389770507812e-01,9.735029339790344238e-01,9.905073046684265137e-01,9.964491724967956543e-01,9.999973177909851074e-01,9.843142032623291016e-01,9.951292872428894043e-01,9.987730383872985840e-01,9.996835589408874512e-01,9.999226927757263184e-01,9.999806284904479980e-01,9.999940991401672363e-01,9.999969601631164551e-01,9.999973773956298828e-01,9.999973177909851074e-01,9.999973177909851074e-01,9.999973177909851074e-01,9.999971985816955566e-01,9.999971389770507812e-01,9.999971985816955566e-01,9.999973177909851074e-01,9.775176644325256348e-01,9.942998290061950684e-01,9.985511302947998047e-01,9.999973177909851074e-01,9.999973177909851074e-01,9.999973177909851074e-01,9.999973177909851074e-01,9.999973177909851074e-01,9.999973177909851074e-01,9.999973177909851074e-01,9.999973177909851074e-01,9.999973177909851074e-01,9.999973177909851074e-01,9.999973177909851074e-01,9.999973177909851074e-01,9.999973177909851074e-01,9.999973177909851074e-01,9.999973177909851074e-01,9.999973177909851074e-01,9.999973177909851074e-01,9.929430484771728516e-01,9.986813068389892578e-01,9.996747970581054688e-01,9.999973177909851074e-01,9.999973177909851074e-01,9.999973177909851074e-01,9.999973177909851074e-01,9.999973177909851074e-01,9.999973177909851074e-01,9.999973177909851074e-01,9.999973177909851074e-01,9.999973177909851074e-01,9.999973177909851074e-01,9.999973177909851074e-01,9.999973177909851074e-01,9.999973177909851074e-01,9.999973177909851074e-01,9.999973177909851074e-01,9.999938011169433594e-01,9.999967217445373535e-01,9.959563612937927246e-01,9.992318749427795410e-01,9.997842311859130859e-01
9.999992847442626953e-01,9.993104934692382812e-01,9.998393058776855469e-01,9.999651908874511719e-01,9.999935626983642578e-01,9.999992251396179199e-01,1.000000000000000000e+00,9.999999403953552246e-01,9.999997019767761230e-01,9.999995231628417969e-01,9.999993443489074707e-01,9.999993443489074707e-01,9.999993443489074707e-01,9.999992847442626953e-01,9.999992847442626953e-01,9.999992847442626953e-01,9.999993443489074707e-01,9.635503888130187988e-01,9.901091456413269043e-01,9.975097775459289551e-01,9.999992847442626953e-01,9.926263689994812012e-01,9.980661869049072266e-01,9.994867444038391113e-01,9.998617172241210938e-01,9.999608993530273438e-01,9.999880790710449219e-01,9.999957084655761719e-01,9.999980926513671875e-01,9.999988079071044922e-01,9.999990463256835938e-01,9.999992847442626953e-01,9.999992847442626953e-01,9.999992847442626953e-01,9.999993443489074707e-01,9.999993443489074707e-01,9.999994635581970215e-01,9.843750596046447754e-01,9.953886866569519043e-01,9.987480044364929199e-01,9.999992847442626953e-01,9.890653491020202637e-01,9.975346922874450684e-01,9.993568062782287598e-01,9.998281002044677734e-01,9.999518394470214844e-01,9.999853968620300293e-01,9.999949336051940918e-01,9.999977946281433105e-01,9.999985694885253906e-01,9.999990463256835938e-01,9.999992251396179199e-01,9.999992251396179199e-01,9.999992847442626953e-01,9.999992847442626953e-01,9.999992847442626953e-01,9.999992847442626953e-01,9.810316562652587891e-01,9.951381087303161621e-01,9.987803101539611816e-01,9.999992847442626953e-01,9.900817275047302246e-01,9.977985024452209473e-01,9.994411468505859375e-01,9.998517632484436035e-01,9.999580383300781250e-01,9.999869465827941895e-01,9.999954104423522949e-01,9.999979138374328613e-01,9.999987483024597168e-01,9.999990463256835938e-01,9.999992251396179199e-01,9.999992847442626953e-01,9.999992251396179199e-01,9.999993443489074707e-01,9.999992251396179199e-01,9.999993443489074707e-01,9.734595417976379395e-01,9.904620051383972168e-01,9.964151382446289062e-01,9.999992847442626953e-01,9.842732548713684082e-01,9.950994849205017090e-01,9.987590312957763672e-01,9.996770024299621582e-01,9.999205470085144043e-01,9.999806880950927734e-01,9.999951720237731934e-01,9.999985694885253906e-01,9.999992251396179199e-01,9.999993443489074707e-01,9.999992847442626953e-01,9.999993443489074707e-01,9.999992847442626953e-01,9.999992847442626953e-01,9.999992847442626953e-01,9.999992847442626953e-01,9.775292277336120605e-01,9.943034052848815918e-01,9.985508322715759277e-01,9.999992847442626953e-01,9.999992847442626953e-01,9.999992847442626953e-01,9.999992847442626953e-01,9.999992847442626953e-01,9.999992847442626953e-01,9.999992847442626953e-01,9.999992847442626953e-01,9.999992847442626953e-01,9.999992847442626953e-01,9.999992847442626953e-01,9.999992847442626953e-01,9.999992847442626953e-01,9.999992847442626953e-01,9.999992847442626953e-01,9.999992847442626953e-01,9.999992847442626953e-01,9.930460453033447266e-01,9.987268447875976562e-01,9.996977448463439941e-01,9.999992847442626953e-01,9.999992847442626953e-01,9.999992847442626953e-01,9.999992847442626953e-01,9.999992847442626953e-01,9.999992847442626953e-01,9.999992847442626953e-01,9.999992847442626953e-01,9.999992847442626953e-01,9.999992847442626953e-01,9.999992847442626953e-01,9.999992847442626953e-01,9.999992847442626953e-01,9.999992847442626953e-01,9.999992847442626953e-01,9.999949336051940918e-01,9.999983906745910645e-01,9.960355758666992188e-01,9.992671608924865723e-01,9.998032450675964355e-01
9.999998211860656738e-01,9.992882609367370605e-01,9.998283386230468750e-01,9.999601244926452637e-01,9.999912381172180176e-01,9.999983906745910645e-01,9.999999403953552246e-01,1.000000000000000000e+00,9.999999403953552246e-01,9.999998211860656738e-01,9.999998211860656738e-01,9.999998211860656738e-01,9.999999403953552246e-01,9.999998211860656738e-01,9.999997615814208984e-01,9.999998211860656738e-01,9.999998211860656738e-01,9.635028839111328125e-01,9.900690913200378418e-01,9.974885582923889160e-01,9.999998211860656738e-01,9.926736950874328613e-01,9.980903267860412598e-01,9.994992613792419434e-01,9.998683929443359375e-01,9.999646544456481934e-01,9.999900460243225098e-01,9.999970793724060059e-01,9.999989867210388184e-01,9.999995231628417969e-01,9.999997615814208984e-01,9.999997019767761230e-01,9.999998211860656738e-01,9.999998211860656738e-01,9.999997615814208984e-01,9.999998211860656738e-01,9.999998211860656738e-01,9.844269156455993652e-01,9.954182505607604980e-01,9.987636208534240723e-01,9.999998211860656738e-01,9.891267418861389160e-01,9.975634217262268066e-01,9.993715286254882812e-01,9.998359084129333496e-01,9.999558925628662109e-01,9.999877810478210449e-01,9.999964237213134766e-01,9.999987483024597168e-01,9.999993443489074707e-01,9.999995827674865723e-01,9.999997615814208984e-01,9.999998211860656738e-01,9.999998211860656738e-01,9.999998211860656738e-01,9.999998211860656738e-01,9.999998211860656738e-01,9.810540080070495605e-01,9.951512813568115234e-01,9.987871646881103516e-01,9.999998211860656738e-01,9.901416301727294922e-01,9.978262782096862793e-01,9.994552731513977051e-01,9.998591542243957520e-01,9.999620914459228516e-01,9.999893307685852051e-01,9.999968409538269043e-01,9.999988079071044922e-01,9.999995231628417969e-01,9.999997019767761230e-01,9.999997019767761230e-01,9.999998211860656738e-01,9.999998211860656738e-01,9.999997615814208984e-01,9.999998211860656738e-01,9.999998211860656738e-01,9.734373688697814941e-01,9.904387593269348145e-01,9.963976740837097168e-01,9.999998211860656738e-01,9.842522144317626953e-01,9.950838088989257812e-01,9.987515807151794434e-01,9.996735453605651855e-01,9.999189972877502441e-01,9.999801516532897949e-01,9.999951720237731934e-01,9.999988079071044922e-01,9.999995827674865723e-01,9.999998211860656738e-01,9.999998211860656738e-01,9.999998211860656738e-01,9.999997615814208984e-01,9.999998211860656738e-01,9.999998211860656738e-01,9.999997615814208984e-01,9.775345921516418457e-01,9.943044781684875488e-01,9.985502362251281738e-01,9.999998211860656738e-01,9.999998211860656738e-01,9.999998211860656738e-01,9.999998211860656738e-01,9.999998211860656738e-01,9.999998211860656738e-01,9.999998211860656738e-01,9.999998211860656738e-01,9.999998211860656738e-01,9.999998211860656738e-01,9.999998211860656738e-01,9.999998211860656738e-01,9.999998211860656738e-01,9.999998211860656738e-01,9.999998211860656738e-01,9.999998211860656738e-01,9.999998211860656738e-01,9.930968284606933594e-01,9.987490773200988770e-01,9.997088313102722168e-01,9.999998211860656738e-01,9.999998211860656738e-01,9.999998211860656738e-01,9.999998211860656738e-01,9.999998211860656738e-01,9.999998211860656738e-01,9.999998211860656738e-01,9.999998211860656738e-01,9.999998211860656738e-01,9.999998211860656738e-01,9.999998211860656738e-01,9.999998211860656738e-01,9.999998211860656738e-01,9.999998211860656738e-01,9.999998211860656738e-01,9.999949336051940918e-01,9.999988079071044922e-01,9.960748553276062012e-01,9.992844462394714355e-01,9.998123049736022949e-01
1.000000000000000000e+00,9.992769360542297363e-01,9.998227953910827637e-01,9.999575018882751465e-01,9.999900460243225098e-01,9.999978542327880859e-01,9.999997019767761230e-01,9.999999403953552246e-01,1.000000000000000000e+00,1.000000000000000000e+00,1.000000000000000000e+00,9.999999403953552246e-01,1.000000000000000000e+00,1.000000000000000000e+00,1.000000000000000000e+00,1.000000000000000000e+00,1.000000000000000000e+00,9.634792208671569824e-01,9.900489449501037598e-01,9.974778294563293457e-01,1.000000000000000000e+00,9.926972389221191406e-01,9.981023669242858887e-01,9.995054602622985840e-01,9.998715519905090332e-01,9.999663829803466797e-01,9.999911189079284668e-01,9.999975562095642090e-01,9.999993443489074707e-01,9.999998211860656738e-01,9.999999403953552246e-01,9.999998211860656738e-01,1.000000000000000000e+00,1.000000000000000000e+00,1.000000000000000000e+00,9.999999403953552246e-01,1.000000000000000000e+00,9.844524860382080078e-01,9.954326748847961426e-01,9.987714290618896484e-01,1.000000000000000000e+00,9.891574382781982422e-01,9.975776672363281250e-01,9.993786811828613281e-01,9.998396039009094238e-01,9.999578595161437988e-01,9.999887347221374512e-01,9.999969005584716797e-01,9.999990463256835938e-01,9.999995827674865723e-01,9.999998211860656738e-01,1.000000000000000000e+00,9.999999403953552246e-01,1.000000000000000000e+00,1.000000000000000000e+00,1.000000000000000000e+00,1.000000000000000000e+00,9.810650944709777832e-01,9.951577186584472656e-01,9.987904429435729980e-01,1.000000000000000000e+00,9.901713728904724121e-01,9.978401064872741699e-01,9.994621872901916504e-01,9.998627305030822754e-01,9.999639391899108887e-01,9.999902844429016113e-01,9.999973773956298828e-01,9.999992251396179199e-01,9.999997019767761230e-01,9.999999403953552246e-01,1.000000000000000000e+00,1.000000000000000000e+00,1.000000000000000000e+00,1.000000000000000000e+00,9.999998211860656738e-01,1.000000000000000000e+00,9.734261631965637207e-01,9.904271960258483887e-01,9.963886737823486328e-01,1.000000000000000000e+00,9.842414855957031250e-01,9.950761198997497559e-01,9.987476468086242676e-01,9.996714591979980469e-01,9.999181628227233887e-01,9.999796748161315918e-01,9.999950528144836426e-01,9.999988675117492676e-01,9.999997019767761230e-01,9.999998211860656738e-01,1.000000000000000000e+00,9.999999403953552246e-01,9.999999403953552246e-01,1.000000000000000000e+00,1.000000000000000000e+00,9.999999403953552246e-01,9.775369763374328613e-01,9.943051338195800781e-01,9.985498785972595215e-01,1.000000000000000000e+00,1.000000000000000000e+00,1.000000000000000000e+00,1.000000000000000000e+00,1.000000000000000000e+00,1.000000000000000000e+00,1.000000000000000000e+00,1.000000000000000000e+00,1.000000000000000000e+00,1.000000000000000000e+00,1.000000000000000000e+00,1.000000000000000000e+00,1.000000000000000000e+00,1.000000000000000000e+00,1.000000000000000000e+00,1.000000000000000000e+00,1.000000000000000000e+00,9.931221604347229004e-01,9.987600445747375488e-01,9.997139573097229004e-01,1.000000000000000000e+00,1.000000000000000000e+00,1.000000000000000000e+00,1.000000000000000000e+00,1.000000000000000000e+00,1.000000000000000000e+00,1.000000000000000000e+00,1.000000000000000000e+00,1.000000000000000000e+00,1.000000000000000000e+00,1.000000000000000000e+00,1.000000000000000000e+00,1.000000000000000000e+00,1.000000000000000000e+00,1.000000000000000000e+00,9.999949336051940918e-01,9.999987483024597168e-01,9.960942268371582031e-01,9.992928504943847656e-01,9.998165965080261230e-01
1.000000000000000000e+00,9.992713928222656250e-01,9.998200535774230957e-01,9.999559521675109863e-01,9.999893307685852051e-01,9.999976754188537598e-01,9.999995231628417969e-01,9.999998211860656738e-01,1.000000000000000000e+00,1.000000000000000000e+00,1.000000000000000000e+00,1.000000000000000000e+00,1.000000119209289551e+00,1.000000000000000000e+00,1.000000000000000000e+00,9.999999403953552246e-01,9.999999403953552246e-01,9.634672999382019043e-01,9.900388717651367188e-01,9.974724650382995605e-01,1.000000000000000000e+00,9.927088618278503418e-01,9.981082081794738770e-01,9.995083808898925781e-01,9.998729825019836426e-01,9.999671578407287598e-01,9.999914169311523438e-01,9.999978542327880859e-01,9.999993443489074707e-01,9.999998211860656738e-01,1.000000000000000000e+00,1.000000000000000000e+00,1.000000000000000000e+00,1.000000000000000000e+00,1.000000000000000000e+00,1.000000000000000000e+00,1.000000000000000000e+00,9.844654202461242676e-01,9.954397678375244141e-01,9.987751841545104980e-01,1.000000000000000000e+00,9.891726970672607422e-01,9.975846409797668457e-01,9.993823170661926270e-01,9.998413920402526855e-01,9.999589323997497559e-01,9.999893307685852051e-01,9.999971985816955566e-01,9.999992251396179199e-01,9.999997615814208984e-01,9.999999403953552246e-01,9.999999403953552246e-01,1.000000000000000000e+00,1.000000000000000000e+00,1.000000000000000000e+00,1.000000000000000000e+00,1.000000000000000000e+00,9.810704588890075684e-01,9.951607584953308105e-01,9.987919926643371582e-01,1.000000000000000000e+00,9.901862144470214844e-01,9.978469014167785645e-01,9.994656443595886230e-01,9.998645186424255371e-01,9.999648928642272949e-01,9.999907612800598145e-01,9.999976158142089844e-01,9.999992847442626953e-01,9.999999403953552246e-01,9.999998211860656738e-01,1.000000000000000000e+00,1.000000119209289551e+00,1.000000000000000000e+00,1.000000000000000000e+00,1.000000000000000000e+00,1.000000000000000000e+00,9.734205603599548340e-01,9.904212355613708496e-01,9.963842034339904785e-01,1.000000000000000000e+00,9.842362403869628906e-01,9.950721263885498047e-01,9.987456798553466797e-01,9.996704459190368652e-01,9.999175071716308594e-01,9.999795556068420410e-01,9.999949336051940918e-01,9.999988079071044922e-01,9.999997019767761230e-01,9.999999403953552246e-01,1.000000000000000000e+00,1.000000000000000000e+00,1.000000000000000000e+00,1.000000000000000000e+00,1.000000000000000000e+00,1.000000000000000000e+00,9.775383472442626953e-01,9.943053722381591797e-01,9.985494613647460938e-01,1.000000000000000000e+00,1.000000000000000000e+00,1.000000000000000000e+00,1.000000000000000000e+00,1.000000000000000000e+00,1.000000000000000000e+00,1.000000000000000000e+00,1.000000000000000000e+00,1.000000000000000000e+00,1.000000000000000000e+00,1.000000000000000000e+00,1.000000000000000000e+00,1.000000000000000000e+00,1.000000000000000000e+00,1.000000000000000000e+00,1.000000000000000000e+00,1.000000000000000000e+00,9.931347370147705078e-01,9.987654685974121094e-01,9.997167587280273438e-01,1.000000000000000000e+00,1.000000000000000000e+00,1.000000000000000000e+00,1.000000000000000000e+00,1.000000000000000000e+00,1.000000000000000000e+00,1.000000000000000000e+00,1.000000000000000000e+00,1.000000000000000000e+00,1.000000000000000000e+00,1.000000000000000000e+00,1.000000000000000000e+00,1.000000000000000000e+00,1.000000000000000000e+00,1.000000000000000000e+00,9.999947547912597656e-01,9.999987483024597168e-01,9.961039423942565918e-01,9.992971420288085938e-01,9.998186230659484863e-01
1.000000000000000000e+00,9.992685317993164062e-01,9.998185634613037109e-01,9.999553561210632324e-01,9.999890327453613281e-01,9.999973177909851074e-01,9.999993443489074707e-01,9.999998211860656738e-01,1.000000000000000000e+00,1.000000000000000000e+00,1.000000000000000000e+00,1.000000000000000000e+00,1.000000000000000000e+00,1.000000000000000000e+00,1.000000000000000000e+00,9.999999403953552246e-01,1.000000000000000000e+00,9.634613394737243652e-01,9.900336861610412598e-01,9.974698424339294434e-01,1.000000000000000000e+00,9.927147030830383301e-01,9.981111884117126465e-01,9.995099902153015137e-01,9.998738169670104980e-01,9.999675154685974121e-01,9.999917149543762207e-01,9.999978542327880859e-01,9.999994635581970215e-01,9.999998211860656738e-01,1.000000000000000000e+00,1.000000000000000000e+00,1.000000000000000000e+00,1.000000000000000000e+00,1.000000000000000000e+00,1.000000000000000000e+00,1.000000000000000000e+00,9.844717383384704590e-01,9.954434037208557129e-01,9.987771511077880859e-01,1.000000000000000000e+00,9.891802668571472168e-01,9.975881576538085938e-01,9.993841052055358887e-01,9.998422265052795410e-01,9.999592900276184082e-01,9.999895095825195312e-01,9.999973177909851074e-01,9.999992251396179199e-01,9.999997615814208984e-01,9.999998211860656738e-01,1.000000000000000000e+00,1.000000000000000000e+00,1.000000000000000000e+00,9.999998211860656738e-01,1.000000000000000000e+00,1.000000000000000000e+00,9.810732007026672363e-01,9.951624870300292969e-01,9.987927079200744629e-01,1.000000000000000000e+00,9.901936054229736328e-01,9.978502392768859863e-01,9.994673728942871094e-01,9.998652935028076172e-01,9.999652504920959473e-01,9.999909996986389160e-01,9.999976754188537598e-01,9.999994635581970215e-01,9.999997615814208984e-01,1.000000000000000000e+00,9.999998211860656738e-01,1.000000000000000000e+00,1.000000000000000000e+00,1.000000000000000000e+00,1.000000000000000000e+00,1.000000000000000000e+00,9.734176993370056152e-01,9.904181957244873047e-01,9.963819980621337891e-01,1.000000000000000000e+00,9.842334389686584473e-01,9.950699806213378906e-01,9.987447857856750488e-01,9.996699690818786621e-01,9.999172091484069824e-01,9.999793171882629395e-01,9.999948143959045410e-01,9.999987483024597168e-01,9.999995827674865723e-01,9.999998211860656738e-01,1.000000000000000000e+00,1.000000000000000000e+00,1.000000000000000000e+00,1.000000000000000000e+00,1.000000000000000000e+00,1.000000000000000000e+00,9.775388836860656738e-01,9.943053722381591797e-01,9.985494017601013184e-01,1.000000000000000000e+00,1.000000000000000000e+00,1.000000000000000000e+00,1.000000000000000000e+00,1.000000000000000000e+00,1.000000000000000000e+00,1.000000000000000000e+00,1.000000000000000000e+00,1.000000000000000000e+00,1.000000000000000000e+00,1.000000000000000000e+00,1.000000000000000000e+00,1.000000000000000000e+00,1.000000000000000000e+00,1.000000000000000000e+00,1.000000000000000000e+00,1.000000000000000000e+00,9.931411147117614746e-01,9.987681508064270020e-01,9.997179508209228516e-01,1.000000000000000000e+00,1.000000000000000000e+00,1.000000000000000000e+00,1.000000000000000000e+00,1.000000000000000000e+00,1.000000000000000000e+00,1.000000000000000000e+00,1.000000000000000000e+00,1.000000000000000000e+00,1.000000000000000000e+00,1.000000000000000000e+00,1.000000000000000000e+00,1.000000000000000000e+00,1.000000000000000000e+00,1.000000000000000000e+00,9.999947547912597656e-01,9.999987483024597168e-01,9.961087703704833984e-01,9.992990493774414062e-01,9.998197555541992188e-01
