1.000000000000000000e+00,9.991066455841064453e-01,9.997734427452087402e-01,9.999433159828186035e-01,9.999858736991882324e-01,9.999964833259582520e-01,9.999992251396179199e-01,9.999998211860656738e-01,9.999999403953552246e-01,9.999999403953552246e-01,1.000000000000000000e+00,1.000000000000000000e+00,1.000000000000000000e+00,7.851078510284423828e-01,1.000000000000000000e+00,1.000000000000000000e+00,1.000000000000000000e+00,9.818488955497741699e-01,9.955703616142272949e-01,9.988877773284912109e-01,1.000000000000000000e+00,9.987276196479797363e-01,9.996706843376159668e-01,9.999160766601562500e-01,9.999790787696838379e-01,9.999947547912597656e-01,9.999986290931701660e-01,9.999997615814208984e-01,9.999999403953552246e-01,9.950798153877258301e-01,1.000000000000000000e+00,9.999999403953552246e-01,1.000000000000000000e+00,9.831418991088867188e-01,1.000000000000000000e+00,9.999999403953552246e-01,9.999999403953552246e-01,9.801691174507141113e-01,9.978463053703308105e-01,9.994564056396484375e-01,1.000000000000000000e+00,9.984799027442932129e-01,9.996011257171630859e-01,9.998992085456848145e-01,9.999752044677734375e-01,9.999938011169433594e-01,9.999983906745910645e-01,9.999995231628417969e-01,9.999998211860656738e-01,1.000000000000000000e+00,1.000000000000000000e+00,9.999999403953552246e-01,9.999999403953552246e-01,9.572716355323791504e-01,1.000000000000000000e+00,9.999999403953552246e-01,1.000000000000000000e+00,9.875882267951965332e-01,9.985864758491516113e-01,9.996418356895446777e-01,1.000000000000000000e+00,9.983763098716735840e-01,9.995830655097961426e-01,9.998946785926818848e-01,9.999737739562988281e-01,9.999933242797851562e-01,9.999983906745910645e-01,9.999995827674865723e-01,9.999998211860656738e-01,9.999999403953552246e-01,1.000000000000000000e+00,1.000000000000000000e+00,1.000000000000000000e+00,9.070496559143066406e-01,9.999999403953552246e-01,1.000000000000000000e+00,9.999999403953552246e-01,9.935384392738342285e-01,9.987376332283020020e-01,9.996123313903808594e-01,1.000000000000000000e+00,9.980608820915222168e-01,9.993146061897277832e-01,9.998213648796081543e-01,9.999551773071289062e-01,9.998800754547119141e-01,9.999971985816955566e-01,9.999992847442626953e-01,9.999998211860656738e-01,1.000000000000000000e+00,1.000000000000000000e+00,1.000000000000000000e+00,1.000000000000000000e+00,9.817185997962951660e-01,1.000000000000000000e+00,1.000000000000000000e+00,9.999999403953552246e-01,9.908831715583801270e-01,9.974866509437561035e-01,9.992119669914245605e-01,1.000000000000000000e+00,1.000000000000000000e+00,1.000000000000000000e+00,1.000000000000000000e+00,1.000000000000000000e+00,1.000000000000000000e+00,9.999929070472717285e-01,1.000000000000000000e+00,1.000000000000000000e+00,1.000000000000000000e+00,1.000000000000000000e+00,1.000000000000000000e+00,1.000000000000000000e+00,9.958474040031433105e-01,1.000000000000000000e+00,1.000000000000000000e+00,1.000000000000000000e+00,9.989442229270935059e-01,9.997270107269287109e-01,9.999331831932067871e-01,1.000000000000000000e+00,1.000000000000000000e+00,1.000000000000000000e+00,1.000000000000000000e+00,1.000000000000000000e+00,7.480442523956298828e-01,9.969701766967773438e-01,1.000000000000000000e+00,1.000000000000000000e+00,1.000000000000000000e+00,1.000000000000000000e+00,1.000000000000000000e+00,1.000000000000000000e+00,9.987824559211730957e-01,1.000000000000000000e+00,9.995208382606506348e-01,9.999995231628417969e-01,9.993377327919006348e-01,9.998351931571960449e-01,9.999594688415527344e-01
9.991066455841064453e-01,1.000000000000000000e+00,9.997785687446594238e-01,9.994990825653076172e-01,9.993162155151367188e-01,9.992148280143737793e-01,9.991615414619445801e-01,9.991343021392822266e-01,9.991205334663391113e-01,9.991136193275451660e-01,9.991101622581481934e-01,9.991084933280944824e-01,9.991075992584228516e-01,7.908657193183898926e-01,9.991068840026855469e-01,9.991067051887512207e-01,9.991067051887512207e-01,9.870749115943908691e-01,9.976463913917541504e-01,9.993913173675537109e-01,9.991066455841064453e-01,9.967716336250305176e-01,9.982797503471374512e-01,9.987730979919433594e-01,9.989579319953918457e-01,9.990375638008117676e-01,9.990735054016113281e-01,9.990904927253723145e-01,9.990987777709960938e-01,9.929527640342712402e-01,9.991047978401184082e-01,9.991056323051452637e-01,9.991061687469482422e-01,9.841119647026062012e-01,9.991065859794616699e-01,9.991067051887512207e-01,9.991066455841064453e-01,9.753062129020690918e-01,9.955091476440429688e-01,9.978349804878234863e-01,9.991066455841064453e-01,9.962287545204162598e-01,9.980323314666748047e-01,9.986629486083984375e-01,9.989048838615417480e-01,9.990116953849792480e-01,9.990606307983398438e-01,9.990840554237365723e-01,9.990954995155334473e-01,9.991011023521423340e-01,9.991038441658020020e-01,9.991052746772766113e-01,9.991059899330139160e-01,9.610740542411804199e-01,9.991065859794616699e-01,9.991065859794616699e-01,9.991065859794616699e-01,9.841771721839904785e-01,9.976999759674072266e-01,9.987654685974121094e-01,9.991066455841064453e-01,9.958112835884094238e-01,9.978508949279785156e-01,9.985756874084472656e-01,9.988648295402526855e-01,9.989917278289794922e-01,9.990508556365966797e-01,9.990791678428649902e-01,9.990930557250976562e-01,9.990997910499572754e-01,9.991033077239990234e-01,9.991049766540527344e-01,9.991058707237243652e-01,9.184212684631347656e-01,9.991064071655273438e-01,9.991065859794616699e-01,9.991067051887512207e-01,9.947716593742370605e-01,9.986723065376281738e-01,9.991655349731445312e-01,9.991066455841064453e-01,9.973575472831726074e-01,9.985632300376892090e-01,9.990091323852539062e-01,9.991034865379333496e-01,9.987775683403015137e-01,9.991142153739929199e-01,9.991109967231750488e-01,9.991090297698974609e-01,9.991078972816467285e-01,9.991073012351989746e-01,9.991069436073303223e-01,9.991068840026855469e-01,9.781221747398376465e-01,9.991066455841064453e-01,9.991066455841064453e-01,9.991065859794616699e-01,9.897677302360534668e-01,9.962652325630187988e-01,9.980519413948059082e-01,9.991066455841064453e-01,9.991066455841064453e-01,9.991066455841064453e-01,9.991066455841064453e-01,9.991066455841064453e-01,9.991066455841064453e-01,9.991834759712219238e-01,9.991066455841064453e-01,9.991066455841064453e-01,9.991066455841064453e-01,9.991066455841064453e-01,9.991066455841064453e-01,9.991066455841064453e-01,9.923831820487976074e-01,9.991066455841064453e-01,9.991066455841064453e-01,9.991066455841064453e-01,9.964318871498107910e-01,9.980020523071289062e-01,9.986262321472167969e-01,9.991066455841064453e-01,9.991066455841064453e-01,9.991066455841064453e-01,9.991066455841064453e-01,9.991066455841064453e-01,7.381016612052917480e-01,9.970664978027343750e-01,9.991066455841064453e-01,9.991066455841064453e-01,9.991066455841064453e-01,9.991066455841064453e-01,9.991066455841064453e-01,9.991066455841064453e-01,9.969675540924072266e-01,9.991066455841064453e-01,9.991300106048583984e-01,9.991214275360107422e-01,9.972386360168457031e-01,9.983361363410949707e-01,9.987646937370300293e-01
9.997734427452087402e-01,9.997785687446594238e-01,1.000000000000000000e+00,9.999434351921081543e-01,9.998722076416015625e-01,9.998261928558349609e-01,9.998006820678710938e-01,9.997873306274414062e-01,9.997803568840026855e-01,9.997768998146057129e-01,9.997751116752624512e-01,9.997742176055908203e-01,9.997738003730773926e-01,7.882409095764160156e-01,9.997734427452087402e-01,9.997734427452087402e-01,9.997735023498535156e-01,9.846305847167968750e-01,9.968096613883972168e-01,9.993507266044616699e-01,9.997734427452087402e-01,9.979507327079772949e-01,9.991853833198547363e-01,9.995594620704650879e-01,9.996860623359680176e-01,9.997350573539733887e-01,9.997554421424865723e-01,9.997647404670715332e-01,9.997691512107849121e-01,9.942235946655273438e-01,9.997723102569580078e-01,9.997727870941162109e-01,9.997730851173400879e-01,9.838352203369140625e-01,9.997734427452087402e-01,9.997734427452087402e-01,9.997733235359191895e-01,9.779482483863830566e-01,9.968914985656738281e-01,9.988620281219482422e-01,9.997734427452087402e-01,9.975609183311462402e-01,9.990296363830566406e-01,9.994972348213195801e-01,9.996581673622131348e-01,9.997218251228332520e-01,9.997491240501403809e-01,9.997615814208984375e-01,9.997676014900207520e-01,9.997705817222595215e-01,9.997718930244445801e-01,9.997726082801818848e-01,9.997730851173400879e-01,9.593038558959960938e-01,9.997733235359191895e-01,9.997733235359191895e-01,9.997733235359191895e-01,9.860797524452209473e-01,9.983639717102050781e-01,9.994246363639831543e-01,9.997734427452087402e-01,9.973018765449523926e-01,9.989309310913085938e-01,9.994518160820007324e-01,9.996374249458312988e-01,9.997117519378662109e-01,9.997442364692687988e-01,9.997591972351074219e-01,9.997663497924804688e-01,9.997698664665222168e-01,9.997715950012207031e-01,9.997724890708923340e-01,9.997730255126953125e-01,9.128240942955017090e-01,9.997733235359191895e-01,9.997733235359191895e-01,9.997733235359191895e-01,9.943304061889648438e-01,9.989182353019714355e-01,9.996059536933898926e-01,9.997734427452087402e-01,9.979252815246582031e-01,9.991576671600341797e-01,9.996351599693298340e-01,9.997493624687194824e-01,9.995554089546203613e-01,9.997757077217102051e-01,9.997752308845520020e-01,9.997744560241699219e-01,9.997739791870117188e-01,9.997736811637878418e-01,9.997734427452087402e-01,9.997734427452087402e-01,9.800512194633483887e-01,9.997734427452087402e-01,9.997733235359191895e-01,9.997733235359191895e-01,9.905023574829101562e-01,9.970757365226745605e-01,9.988417625427246094e-01,9.997734427452087402e-01,9.997734427452087402e-01,9.997734427452087402e-01,9.997734427452087402e-01,9.997734427452087402e-01,9.997734427452087402e-01,9.998070597648620605e-01,9.997734427452087402e-01,9.997734427452087402e-01,9.997734427452087402e-01,9.997734427452087402e-01,9.997734427452087402e-01,9.997734427452087402e-01,9.943585991859436035e-01,9.997734427452087402e-01,9.997734427452087402e-01,9.997734427452087402e-01,9.979093670845031738e-01,9.990848898887634277e-01,9.994996190071105957e-01,9.997734427452087402e-01,9.997734427452087402e-01,9.997734427452087402e-01,9.997734427452087402e-01,9.997734427452087402e-01,7.432783246040344238e-01,9.972690939903259277e-01,9.997734427452087402e-01,9.997734427452087402e-01,9.997734427452087402e-01,9.997734427452087402e-01,9.997734427452087402e-01,9.997734427452087402e-01,9.980873465538024902e-01,9.997734427452087402e-01,9.995462894439697266e-01,9.997806549072265625e-01,9.985125660896301270e-01,9.993076324462890625e-01,9.995829463005065918e-01
9.999433159828186035e-01,9.994990825653076172e-01,9.999434351921081543e-01,1.000000000000000000e+00,9.999857544898986816e-01,9.999681115150451660e-01,9.999566078186035156e-01,9.999501705169677734e-01,9.999468922615051270e-01,9.999451041221618652e-01,9.999442696571350098e-01,9.999437332153320312e-01,9.999436736106872559e-01,7.867309451103210449e-01,9.999433159828186035e-01,9.999434351921081543e-01,9.999434947967529297e-01,9.832841753959655762e-01,9.962419867515563965e-01,9.991735816001892090e-01,9.999433159828186035e-01,9.983939528465270996e-01,9.994837641716003418e-01,9.997938275337219238e-01,9.998890757560729980e-01,9.999215006828308105e-01,9.999337196350097656e-01,9.999389648437500000e-01,9.999411702156066895e-01,9.947071075439453125e-01,9.999428391456604004e-01,9.999430775642395020e-01,9.999431967735290527e-01,9.835359454154968262e-01,9.999434351921081543e-01,9.999434351921081543e-01,9.999433159828186035e-01,9.791153073310852051e-01,9.974243044853210449e-01,9.992151260375976562e-01,9.999433159828186035e-01,9.980766177177429199e-01,9.993717074394226074e-01,9.997546672821044922e-01,9.998733401298522949e-01,9.999144077301025391e-01,9.999305605888366699e-01,9.999372959136962891e-01,9.999403953552246094e-01,9.999418854713439941e-01,9.999426007270812988e-01,9.999430775642395020e-01,9.999432563781738281e-01,9.583222866058349609e-01,9.999433159828186035e-01,9.999433159828186035e-01,9.999433159828186035e-01,9.868915677070617676e-01,9.985328316688537598e-01,9.995903372764587402e-01,9.999433159828186035e-01,9.978955388069152832e-01,9.993135929107666016e-01,9.997298121452331543e-01,9.998623728752136230e-01,9.999091625213623047e-01,9.999279379844665527e-01,9.999361038208007812e-01,9.999398589134216309e-01,9.999415278434753418e-01,9.999426007270812988e-01,9.999429583549499512e-01,9.999432563781738281e-01,9.099550247192382812e-01,9.999434351921081543e-01,9.999434351921081543e-01,9.999434351921081543e-01,9.939816594123840332e-01,9.988822937011718750e-01,9.996644854545593262e-01,9.999433159828186035e-01,9.980466961860656738e-01,9.992911219596862793e-01,9.997839927673339844e-01,9.999085068702697754e-01,9.997754693031311035e-01,9.999429583549499512e-01,9.999439120292663574e-01,9.999439120292663574e-01,9.999436736106872559e-01,9.999434947967529297e-01,9.999434351921081543e-01,9.999434351921081543e-01,9.809243083000183105e-01,9.999433159828186035e-01,9.999433159828186035e-01,9.999434351921081543e-01,9.907355308532714844e-01,9.973317980766296387e-01,9.990805983543395996e-01,9.999433159828186035e-01,9.999433159828186035e-01,9.999433159828186035e-01,9.999433159828186035e-01,9.999433159828186035e-01,9.999433159828186035e-01,9.999564290046691895e-01,9.999433159828186035e-01,9.999433159828186035e-01,9.999433159828186035e-01,9.999433159828186035e-01,9.999433159828186035e-01,9.999433159828186035e-01,9.951655268669128418e-01,9.999433159828186035e-01,9.999433159828186035e-01,9.999433159828186035e-01,9.984850287437438965e-01,9.994633793830871582e-01,9.997735023498535156e-01,9.999433159828186035e-01,9.999433159828186035e-01,9.999433159828186035e-01,9.999433159828186035e-01,9.999433159828186035e-01,7.457241415977478027e-01,9.971809983253479004e-01,9.999433159828186035e-01,9.999433159828186035e-01,9.999433159828186035e-01,9.999433159828186035e-01,9.999433159828186035e-01,9.999433159828186035e-01,9.984910488128662109e-01,9.999433159828186035e-01,9.995890259742736816e-01,9.999466538429260254e-01,9.989836215972900391e-01,9.996290206909179688e-01,9.998282790184020996e-01
9.999858736991882324e-01,9.993162155151367188e-01,9.998722076416015625e-01,9.999857544898986816e-01,1.000000000000000000e+00,9.999964833259582520e-01,9.999920725822448730e-01,9.999892711639404297e-01,9.999876618385314941e-01,9.999868273735046387e-01,9.999864101409912109e-01,9.999859929084777832e-01,9.999859929084777832e-01,7.859258651733398438e-01,9.999859929084777832e-01,9.999859333038330078e-01,9.999859333038330078e-01,9.825782179832458496e-01,9.959192276000976562e-01,9.990444183349609375e-01,9.999858736991882324e-01,9.985756874084472656e-01,9.995917677879333496e-01,9.998693466186523438e-01,9.999483227729797363e-01,9.999723434448242188e-01,9.999804496765136719e-01,9.999834895133972168e-01,9.999847412109375000e-01,9.949080348014831543e-01,9.999855160713195801e-01,9.999858736991882324e-01,9.999858736991882324e-01,9.833515286445617676e-01,9.999858736991882324e-01,9.999859333038330078e-01,9.999858736991882324e-01,9.796572327613830566e-01,9.976499080657958984e-01,9.993502497673034668e-01,9.999858736991882324e-01,9.982931613922119141e-01,9.995009899139404297e-01,9.998412728309631348e-01,9.999386668205261230e-01,9.999683499336242676e-01,9.999787211418151855e-01,9.999826550483703613e-01,9.999844431877136230e-01,9.999852180480957031e-01,9.999855160713195801e-01,9.999857544898986816e-01,9.999858736991882324e-01,9.578075408935546875e-01,9.999859333038330078e-01,9.999858736991882324e-01,9.999858736991882324e-01,9.872553944587707520e-01,9.985740184783935547e-01,9.996303915977478027e-01,9.999858736991882324e-01,9.981510043144226074e-01,9.994629025459289551e-01,9.998267292976379395e-01,9.999324679374694824e-01,9.999656081199645996e-01,9.999774098396301270e-01,9.999821782112121582e-01,9.999840855598449707e-01,9.999849796295166016e-01,9.999855160713195801e-01,9.999857544898986816e-01,9.999858736991882324e-01,9.085075259208679199e-01,9.999858736991882324e-01,9.999859929084777832e-01,9.999859929084777832e-01,9.937735199928283691e-01,9.988238215446472168e-01,9.996524453163146973e-01,9.999858736991882324e-01,9.980677962303161621e-01,9.993168711662292480e-01,9.998169541358947754e-01,9.999460577964782715e-01,9.998419880867004395e-01,9.999843239784240723e-01,9.999858736991882324e-01,9.999861121177673340e-01,9.999861121177673340e-01,9.999859929084777832e-01,9.999859333038330078e-01,9.999859333038330078e-01,9.813365340232849121e-01,9.999859333038330078e-01,9.999857544898986816e-01,9.999859929084777832e-01,9.908232092857360840e-01,9.974234104156494141e-01,9.991605877876281738e-01,9.999858736991882324e-01,9.999858736991882324e-01,9.999858736991882324e-01,9.999858736991882324e-01,9.999858736991882324e-01,9.999858736991882324e-01,9.999888539314270020e-01,9.999858736991882324e-01,9.999858736991882324e-01,9.999858736991882324e-01,9.999858736991882324e-01,9.999858736991882324e-01,9.999858736991882324e-01,9.955214858055114746e-01,9.999858736991882324e-01,9.999858736991882324e-01,9.999858736991882324e-01,9.987294673919677734e-01,9.996097683906555176e-01,9.998676776885986328e-01,9.999858736991882324e-01,9.999858736991882324e-01,9.999858736991882324e-01,9.999858736991882324e-01,9.999858736991882324e-01,7.468956112861633301e-01,9.970888495445251465e-01,9.999858736991882324e-01,9.999858736991882324e-01,9.999858736991882324e-01,9.999858736991882324e-01,9.999858736991882324e-01,9.999858736991882324e-01,9.986515045166015625e-01,9.999858736991882324e-01,9.995687603950500488e-01,9.999873638153076172e-01,9.991753697395324707e-01,9.997465610504150391e-01,9.999082088470458984e-01
9.999964833259582520e-01,9.992148280143737793e-01,9.998261928558349609e-01,9.999681115150451660e-01,9.999964833259582520e-01,1.000000000000000000e+00,9.999990463256835938e-01,9.999979138374328613e-01,9.999973177909851074e-01,9.999969005584716797e-01,9.999966621398925781e-01,9.999966025352478027e-01,9.999964833259582520e-01,7.855184674263000488e-01,9.999964833259582520e-01,9.999964237213134766e-01,9.999964833259582520e-01,9.822163581848144531e-01,9.957480430603027344e-01,9.989695549011230469e-01,9.999964833259582520e-01,9.986553192138671875e-01,9.996347427368164062e-01,9.998963475227355957e-01,9.999673366546630859e-01,9.999871253967285156e-01,9.999930858612060547e-01,9.999950528144836426e-01,9.999959468841552734e-01,9.949975013732910156e-01,9.999964237213134766e-01,9.999964237213134766e-01,9.999964237213134766e-01,9.832498431205749512e-01,9.999964833259582520e-01,9.999964833259582520e-01,9.999964237213134766e-01,9.799169898033142090e-01,9.977517724037170410e-01,9.994069933891296387e-01,9.999964833259582520e-01,9.983903765678405762e-01,9.995546936988830566e-01,9.998738169670104980e-01,9.999606013298034668e-01,9.999847412109375000e-01,9.999920725822448730e-01,9.999945759773254395e-01,9.999957084655761719e-01,9.999961853027343750e-01,9.999963641166687012e-01,9.999964833259582520e-01,9.999964833259582520e-01,9.575421810150146484e-01,9.999966025352478027e-01,9.999964833259582520e-01,9.999964833259582520e-01,9.874256253242492676e-01,9.985839724540710449e-01,9.996396899223327637e-01,9.999964833259582520e-01,9.982673525810241699e-01,9.995267391204833984e-01,9.998643398284912109e-01,9.999566674232482910e-01,9.999831318855285645e-01,9.999914169311523438e-01,9.999944567680358887e-01,9.999955296516418457e-01,9.999960064888000488e-01,9.999963641166687012e-01,9.999963641166687012e-01,9.999964833259582520e-01,9.077799320220947266e-01,9.999964833259582520e-01,9.999966025352478027e-01,9.999964833259582520e-01,9.936593174934387207e-01,9.987842440605163574e-01,9.996357560157775879e-01,9.999964833259582520e-01,9.980678558349609375e-01,9.993193149566650391e-01,9.998226165771484375e-01,9.999541640281677246e-01,9.998646378517150879e-01,9.999944567680358887e-01,9.999961853027343750e-01,9.999964833259582520e-01,9.999964833259582520e-01,9.999964237213134766e-01,9.999964833259582520e-01,9.999964237213134766e-01,9.815313220024108887e-01,9.999964833259582520e-01,9.999964833259582520e-01,9.999964833259582520e-01,9.908565878868103027e-01,9.974586367607116699e-01,9.991898536682128906e-01,9.999964833259582520e-01,9.999964833259582520e-01,9.999964833259582520e-01,9.999964833259582520e-01,9.999964833259582520e-01,9.999964833259582520e-01,9.999944567680358887e-01,9.999964833259582520e-01,9.999964833259582520e-01,9.999964833259582520e-01,9.999964833259582520e-01,9.999964833259582520e-01,9.999964833259582520e-01,9.956882596015930176e-01,9.999964833259582520e-01,9.999964833259582520e-01,9.999964833259582520e-01,9.988405704498291016e-01,9.996719956398010254e-01,9.999039769172668457e-01,9.999964833259582520e-01,9.999964833259582520e-01,9.999964833259582520e-01,9.999964833259582520e-01,9.999964833259582520e-01,7.474729418754577637e-01,9.970328211784362793e-01,9.999964833259582520e-01,9.999964833259582520e-01,9.999964833259582520e-01,9.999964833259582520e-01,9.999964833259582520e-01,9.999964833259582520e-01,9.987207055091857910e-01,9.999964833259582520e-01,9.995482563972473145e-01,9.999969601631164551e-01,9.992601275444030762e-01,9.997944235801696777e-01,9.999373555183410645e-01
9.999992251396179199e-01,9.991615414619445801e-01,9.998006820678710938e-01,9.999566078186035156e-01,9.999920725822448730e-01,9.999990463256835938e-01,1.000000000000000000e+00,9.999998211860656738e-01,9.999994635581970215e-01,9.999993443489074707e-01,9.999992251396179199e-01,9.999992251396179199e-01,9.999992251396179199e-01,7.853135466575622559e-01,9.999992251396179199e-01,9.999991059303283691e-01,9.999991059303283691e-01,9.820332527160644531e-01,9.956600069999694824e-01,9.989295601844787598e-01,9.999992251396179199e-01,9.986925125122070312e-01,9.996537566184997559e-01,9.999071955680847168e-01,9.999742507934570312e-01,9.999917149543762207e-01,9.999968409538269043e-01,9.999982714653015137e-01,9.999988079071044922e-01,9.950395226478576660e-01,9.999991059303283691e-01,9.999991059303283691e-01,9.999991059303283691e-01,9.831966757774353027e-01,9.999992251396179199e-01,9.999990463256835938e-01,9.999992251396179199e-01,9.800439476966857910e-01,9.977999329566955566e-01,9.994326233863830566e-01,9.999992251396179199e-01,9.984361529350280762e-01,9.995788931846618652e-01,9.998874068260192871e-01,9.999688267707824707e-01,9.999900460243225098e-01,9.999961256980895996e-01,9.999980926513671875e-01,9.999986290931701660e-01,9.999990463256835938e-01,9.999990463256835938e-01,9.999990463256835938e-01,9.999991059303283691e-01,9.574076533317565918e-01,9.999992251396179199e-01,9.999992251396179199e-01,9.999992251396179199e-01,9.875078797340393066e-01,9.985861778259277344e-01,9.996417164802551270e-01,9.999992251396179199e-01,9.983227849006652832e-01,9.995558857917785645e-01,9.998804926872253418e-01,9.999660849571228027e-01,9.999890327453613281e-01,9.999957084655761719e-01,9.999978542327880859e-01,9.999986290931701660e-01,9.999988675117492676e-01,9.999990463256835938e-01,9.999991059303283691e-01,9.999992251396179199e-01,9.074152112007141113e-01,9.999992251396179199e-01,9.999992251396179199e-01,9.999991059303283691e-01,9.935998916625976562e-01,9.987618923187255859e-01,9.996250271797180176e-01,9.999992251396179199e-01,9.980652332305908203e-01,9.993178248405456543e-01,9.998229146003723145e-01,9.999555945396423340e-01,9.998733401298522949e-01,9.999966025352478027e-01,9.999986290931701660e-01,9.999990463256835938e-01,9.999991059303283691e-01,9.999992251396179199e-01,9.999990463256835938e-01,9.999991059303283691e-01,9.816259741783142090e-01,9.999991059303283691e-01,9.999990463256835938e-01,9.999992251396179199e-01,9.908708930015563965e-01,9.974735379219055176e-01,9.992017745971679688e-01,9.999992251396179199e-01,9.999992251396179199e-01,9.999992251396179199e-01,9.999992251396179199e-01,9.999992251396179199e-01,9.999992251396179199e-01,9.999945759773254395e-01,9.999992251396179199e-01,9.999992251396179199e-01,9.999992251396179199e-01,9.999992251396179199e-01,9.999992251396179199e-01,9.999992251396179199e-01,9.957688450813293457e-01,9.999992251396179199e-01,9.999992251396179199e-01,9.999992251396179199e-01,9.988933205604553223e-01,9.997004866600036621e-01,9.999195933341979980e-01,9.999992251396179199e-01,9.999992251396179199e-01,9.999992251396179199e-01,9.999992251396179199e-01,9.999992251396179199e-01,7.477593421936035156e-01,9.970023036003112793e-01,9.999992251396179199e-01,9.999992251396179199e-01,9.999992251396179199e-01,9.999992251396179199e-01,9.999992251396179199e-01,9.999992251396179199e-01,9.987526535987854004e-01,9.999992251396179199e-01,9.995353817939758301e-01,9.999992251396179199e-01,9.992999434471130371e-01,9.998157024383544922e-01,9.999492764472961426e-01
9.999998211860656738e-01,9.991343021392822266e-01,9.997873306274414062e-01,9.999501705169677734e-01,9.999892711639404297e-01,9.999979138374328613e-01,9.999998211860656738e-01,1.000000000000000000e+00,9.999998211860656738e-01,9.999998211860656738e-01,9.999998211860656738e-01,9.999998211860656738e-01,9.999999403953552246e-01,7.852106690406799316e-01,9.999998211860656738e-01,9.999997615814208984e-01,9.999998211860656738e-01,9.819412231445312500e-01,9.956153035163879395e-01,9.989089965820312500e-01,9.999998211860656738e-01,9.987103343009948730e-01,9.996623992919921875e-01,9.999119639396667480e-01,9.999768733978271484e-01,9.999935030937194824e-01,9.999980330467224121e-01,9.999992251396179199e-01,9.999995827674865723e-01,9.950599074363708496e-01,9.999997615814208984e-01,9.999997615814208984e-01,9.999997019767761230e-01,9.831693768501281738e-01,9.999997615814208984e-01,9.999998211860656738e-01,9.999998211860656738e-01,9.801068305969238281e-01,9.978234171867370605e-01,9.994446635246276855e-01,9.999998211860656738e-01,9.984583258628845215e-01,9.995902180671691895e-01,9.998934864997863770e-01,9.999723434448242188e-01,9.999921321868896484e-01,9.999974370002746582e-01,9.999990463256835938e-01,9.999995231628417969e-01,9.999997615814208984e-01,9.999997019767761230e-01,9.999999403953552246e-01,9.999999403953552246e-01,9.573399424552917480e-01,9.999997615814208984e-01,9.999998211860656738e-01,9.999998211860656738e-01,9.875483512878417969e-01,9.985866546630859375e-01,9.996419548988342285e-01,9.999998211860656738e-01,9.983497262001037598e-01,9.995696544647216797e-01,9.998877644538879395e-01,9.999701380729675293e-01,9.999914765357971191e-01,9.999973177909851074e-01,9.999989867210388184e-01,9.999995231628417969e-01,9.999995827674865723e-01,9.999998211860656738e-01,9.999997019767761230e-01,9.999999403953552246e-01,9.072325229644775391e-01,9.999997615814208984e-01,9.999997615814208984e-01,9.999997019767761230e-01,9.935693740844726562e-01,9.987499117851257324e-01,9.996188282966613770e-01,9.999998211860656738e-01,9.980633258819580078e-01,9.993164539337158203e-01,9.998223185539245605e-01,9.999555945396423340e-01,9.998770356178283691e-01,9.999971389770507812e-01,9.999992251396179199e-01,9.999995231628417969e-01,9.999997615814208984e-01,9.999997615814208984e-01,9.999998211860656738e-01,9.999998211860656738e-01,9.816725850105285645e-01,9.999997615814208984e-01,9.999997615814208984e-01,9.999998211860656738e-01,9.908771514892578125e-01,9.974803328514099121e-01,9.992070198059082031e-01,9.999998211860656738e-01,9.999998211860656738e-01,9.999998211860656738e-01,9.999998211860656738e-01,9.999998211860656738e-01,9.999998211860656738e-01,9.999939799308776855e-01,9.999998211860656738e-01,9.999998211860656738e-01,9.999998211860656738e-01,9.999998211860656738e-01,9.999998211860656738e-01,9.999998211860656738e-01,9.958083629608154297e-01,9.999998211860656738e-01,9.999998211860656738e-01,9.999998211860656738e-01,9.989190101623535156e-01,9.997139573097229004e-01,9.999266266822814941e-01,9.999998211860656738e-01,9.999998211860656738e-01,9.999998211860656738e-01,9.999998211860656738e-01,9.999998211860656738e-01,7.479020953178405762e-01,9.969863891601562500e-01,9.999998211860656738e-01,9.999998211860656738e-01,9.999998211860656738e-01,9.999998211860656738e-01,9.999998211860656738e-01,9.999998211860656738e-01,9.987677931785583496e-01,9.999998211860656738e-01,9.995284080505371094e-01,9.999995231628417969e-01,9.993190169334411621e-01,9.998255372047424316e-01,9.999546408653259277e-01
9.999999403953552246e-01,9.991205334663391113e-01,9.997803568840026855e-01,9.999468922615051270e-01,9.999876618385314941e-01,9.999973177909851074e-01,9.999994635581970215e-01,9.999998211860656738e-01,1.000000000000000000e+00,9.999998211860656738e-01,9.999999403953552246e-01,9.999999403953552246e-01,9.999999403953552246e-01,7.851592898368835449e-01,9.999999403953552246e-01,9.999999403953552246e-01,9.999999403953552246e-01,9.818950295448303223e-01,9.955927729606628418e-01,9.988983273506164551e-01,9.999999403953552246e-01,9.987189173698425293e-01,9.996666312217712402e-01,9.999139904975891113e-01,9.999780654907226562e-01,9.999942183494567871e-01,9.999983310699462891e-01,9.999995231628417969e-01,9.999998211860656738e-01,9.950699210166931152e-01,9.999999403953552246e-01,1.000000000000000000e+00,9.999999403953552246e-01,9.831556677818298340e-01,9.999999403953552246e-01,9.999998211860656738e-01,9.999999403953552246e-01,9.801380038261413574e-01,9.978348612785339355e-01,9.994506239891052246e-01,9.999999403953552246e-01,9.984691739082336426e-01,9.995957016944885254e-01,9.998963475227355957e-01,9.999738335609436035e-01,9.999930262565612793e-01,9.999980926513671875e-01,9.999993443489074707e-01,9.999997019767761230e-01,9.999998211860656738e-01,9.999999403953552246e-01,9.999998211860656738e-01,9.999999403953552246e-01,9.573058485984802246e-01,9.999998211860656738e-01,9.999999403953552246e-01,9.999999403953552246e-01,9.875683784484863281e-01,9.985866546630859375e-01,9.996420741081237793e-01,9.999999403953552246e-01,9.983630180358886719e-01,9.995765686035156250e-01,9.998912811279296875e-01,9.999720454216003418e-01,9.999925494194030762e-01,9.999977946281433105e-01,9.999992251396179199e-01,9.999997615814208984e-01,9.999997615814208984e-01,9.999999403953552246e-01,9.999999403953552246e-01,1.000000000000000000e+00,9.071410298347473145e-01,1.000000000000000000e+00,9.999999403953552246e-01,9.999998211860656738e-01,9.935539364814758301e-01,9.987439513206481934e-01,9.996156692504882812e-01,9.999999403953552246e-01,9.980621337890625000e-01,9.993155002593994141e-01,9.998219013214111328e-01,9.999554157257080078e-01,9.998786449432373047e-01,9.999971389770507812e-01,9.999992251396179199e-01,9.999998211860656738e-01,9.999998211860656738e-01,9.999998211860656738e-01,9.999999403953552246e-01,9.999998211860656738e-01,9.816955924034118652e-01,9.999999403953552246e-01,9.999998211860656738e-01,9.999999403953552246e-01,9.908801913261413574e-01,9.974835515022277832e-01,9.992094039916992188e-01,9.999999403953552246e-01,9.999999403953552246e-01,9.999999403953552246e-01,9.999999403953552246e-01,9.999999403953552246e-01,9.999999403953552246e-01,9.999935030937194824e-01,9.999999403953552246e-01,9.999999403953552246e-01,9.999999403953552246e-01,9.999999403953552246e-01,9.999999403953552246e-01,9.999999403953552246e-01,9.958279132843017578e-01,9.999999403953552246e-01,9.999999403953552246e-01,9.999999403953552246e-01,9.989315867424011230e-01,9.997205734252929688e-01,9.999299049377441406e-01,9.999999403953552246e-01,9.999999403953552246e-01,9.999999403953552246e-01,9.999999403953552246e-01,9.999999403953552246e-01,7.479732036590576172e-01,9.969782829284667969e-01,9.999999403953552246e-01,9.999999403953552246e-01,9.999999403953552246e-01,9.999999403953552246e-01,9.999999403953552246e-01,9.999999403953552246e-01,9.987752437591552734e-01,9.999999403953552246e-01,9.995246529579162598e-01,9.999995231628417969e-01,9.993285536766052246e-01,9.998304247856140137e-01,9.999570250511169434e-01
9.999999403953552246e-01,9.991136193275451660e-01,9.997768998146057129e-01,9.999451041221618652e-01,9.999868273735046387e-01,9.999969005584716797e-01,9.999993443489074707e-01,9.999998211860656738e-01,9.999998211860656738e-01,1.000000000000000000e+00,9.999999403953552246e-01,1.000000000000000000e+00,1.000000000000000000e+00,7.851336002349853516e-01,9.999999403953552246e-01,9.999999403953552246e-01,1.000000000000000000e+00,9.818719029426574707e-01,9.955814480781555176e-01,9.988930821418762207e-01,9.999999403953552246e-01,9.987233281135559082e-01,9.996686577796936035e-01,9.999150633811950684e-01,9.999786019325256348e-01,9.999944567680358887e-01,9.999985098838806152e-01,9.999995231628417969e-01,9.999998211860656738e-01,9.950748085975646973e-01,9.999999403953552246e-01,9.999999403953552246e-01,9.999998211860656738e-01,9.831487536430358887e-01,1.000000119209289551e+00,9.999999403953552246e-01,1.000000000000000000e+00,9.801535606384277344e-01,9.978405833244323730e-01,9.994534850120544434e-01,9.999999403953552246e-01,9.984745979309082031e-01,9.995985031127929688e-01,9.998977780342102051e-01,9.999746680259704590e-01,9.999935030937194824e-01,9.999982714653015137e-01,9.999994635581970215e-01,9.999998211860656738e-01,1.000000000000000000e+00,1.000000000000000000e+00,1.000000000000000000e+00,1.000000000000000000e+00,9.572887420654296875e-01,1.000000119209289551e+00,1.000000000000000000e+00,1.000000000000000000e+00,9.875783324241638184e-01,9.985866546630859375e-01,9.996419548988342285e-01,9.999999403953552246e-01,9.983696937561035156e-01,9.995798468589782715e-01,9.998930096626281738e-01,9.999728798866271973e-01,9.999929070472717285e-01,9.999981522560119629e-01,9.999994635581970215e-01,9.999998211860656738e-01,9.999998211860656738e-01,9.999998211860656738e-01,1.000000000000000000e+00,1.000000000000000000e+00,9.070954322814941406e-01,1.000000000000000000e+00,1.000000000000000000e+00,9.999999403953552246e-01,9.935461878776550293e-01,9.987408518791198730e-01,9.996139407157897949e-01,9.999999403953552246e-01,9.980614781379699707e-01,9.993150830268859863e-01,9.998216032981872559e-01,9.999554157257080078e-01,9.998795390129089355e-01,9.999971985816955566e-01,9.999994635581970215e-01,9.999998211860656738e-01,9.999998211860656738e-01,9.999999403953552246e-01,1.000000000000000000e+00,9.999999403953552246e-01,9.817072749137878418e-01,9.999999403953552246e-01,9.999998211860656738e-01,1.000000000000000000e+00,9.908817410469055176e-01,9.974849820137023926e-01,9.992106556892395020e-01,9.999999403953552246e-01,9.999999403953552246e-01,9.999999403953552246e-01,9.999999403953552246e-01,9.999999403953552246e-01,9.999999403953552246e-01,9.999932646751403809e-01,9.999999403953552246e-01,9.999999403953552246e-01,9.999999403953552246e-01,9.999999403953552246e-01,9.999999403953552246e-01,9.999999403953552246e-01,9.958376884460449219e-01,9.999999403953552246e-01,9.999999403953552246e-01,9.999999403953552246e-01,9.989379048347473145e-01,9.997239112854003906e-01,9.999315142631530762e-01,9.999999403953552246e-01,9.999999403953552246e-01,9.999999403953552246e-01,9.999999403953552246e-01,9.999999403953552246e-01,7.480087280273437500e-01,9.969741702079772949e-01,9.999999403953552246e-01,9.999999403953552246e-01,9.999999403953552246e-01,9.999999403953552246e-01,9.999999403953552246e-01,9.999999403953552246e-01,9.987788796424865723e-01,9.999999403953552246e-01,9.995227456092834473e-01,9.999995231628417969e-01,9.993330836296081543e-01,9.998328089714050293e-01,9.999582171440124512e-01
1.000000000000000000e+00,9.991101622581481934e-01,9.997751116752624512e-01,9.999442696571350098e-01,9.999864101409912109e-01,9.999966621398925781e-01,9.999992251396179199e-01,9.999998211860656738e-01,9.999999403953552246e-01,9.999999403953552246e-01,1.000000000000000000e+00,1.000000000000000000e+00,1.000000000000000000e+00,7.851207256317138672e-01,1.000000000000000000e+00,9.999999403953552246e-01,1.000000119209289551e+00,9.818603396415710449e-01,9.955759644508361816e-01,9.988904595375061035e-01,1.000000000000000000e+00,9.987254142761230469e-01,9.996696114540100098e-01,9.999155998229980469e-01,9.999788403511047363e-01,9.999945759773254395e-01,9.999985694885253906e-01,9.999997019767761230e-01,1.000000000000000000e+00,9.950773119926452637e-01,9.999999403953552246e-01,9.999999403953552246e-01,9.999999403953552246e-01,9.831452965736389160e-01,1.000000000000000000e+00,9.999999403953552246e-01,1.000000000000000000e+00,9.801612496376037598e-01,9.978434443473815918e-01,9.994549155235290527e-01,1.000000000000000000e+00,9.984772205352783203e-01,9.995999336242675781e-01,9.998984336853027344e-01,9.999749660491943359e-01,9.999935626983642578e-01,9.999982714653015137e-01,9.999995231628417969e-01,9.999999403953552246e-01,1.000000000000000000e+00,9.999999403953552246e-01,1.000000000000000000e+00,1.000000000000000000e+00,9.572802186012268066e-01,1.000000000000000000e+00,1.000000000000000000e+00,1.000000000000000000e+00,9.875833392143249512e-01,9.985867142677307129e-01,9.996418952941894531e-01,1.000000000000000000e+00,9.983730316162109375e-01,9.995815157890319824e-01,9.998938441276550293e-01,9.999733567237854004e-01,9.999931454658508301e-01,9.999982714653015137e-01,9.999995231628417969e-01,9.999999403953552246e-01,9.999999403953552246e-01,9.999999403953552246e-01,1.000000000000000000e+00,1.000000000000000000e+00,9.070725440979003906e-01,1.000000000000000000e+00,1.000000000000000000e+00,9.999999403953552246e-01,9.935422539710998535e-01,9.987392425537109375e-01,9.996130466461181641e-01,1.000000000000000000e+00,9.980611801147460938e-01,9.993148446083068848e-01,9.998214840888977051e-01,9.999552369117736816e-01,9.998797774314880371e-01,9.999971985816955566e-01,9.999992847442626953e-01,9.999998211860656738e-01,9.999999403953552246e-01,9.999999403953552246e-01,1.000000000000000000e+00,9.999999403953552246e-01,9.817128777503967285e-01,9.999999403953552246e-01,9.999999403953552246e-01,1.000000000000000000e+00,9.908824563026428223e-01,9.974858760833740234e-01,9.992113113403320312e-01,1.000000000000000000e+00,1.000000000000000000e+00,1.000000000000000000e+00,1.000000000000000000e+00,1.000000000000000000e+00,1.000000000000000000e+00,9.999930262565612793e-01,1.000000000000000000e+00,1.000000000000000000e+00,1.000000000000000000e+00,1.000000000000000000e+00,1.000000000000000000e+00,1.000000000000000000e+00,9.958426356315612793e-01,1.000000000000000000e+00,1.000000000000000000e+00,1.000000000000000000e+00,9.989411234855651855e-01,9.997255206108093262e-01,9.999322891235351562e-01,1.000000000000000000e+00,1.000000000000000000e+00,1.000000000000000000e+00,1.000000000000000000e+00,1.000000000000000000e+00,7.480265498161315918e-01,9.969722628593444824e-01,1.000000000000000000e+00,1.000000000000000000e+00,1.000000000000000000e+00,1.000000000000000000e+00,1.000000000000000000e+00,1.000000000000000000e+00,9.987807273864746094e-01,1.000000000000000000e+00,9.995219111442565918e-01,9.999995827674865723e-01,9.993353486061096191e-01,9.998338818550109863e-01,9.999587535858154297e-01
