1.000000000000000000e+00,9.629996418952941895e-01,9.957273602485656738e-01,9.989526867866516113e-01,9.997441172599792480e-01,9.999367594718933105e-01,9.999842047691345215e-01,9.999960064888000488e-01,9.999990463256835938e-01,9.999997019767761230e-01,1.000000000000000000e+00,1.000000000000000000e+00,9.999999403953552246e-01,1.000000000000000000e+00,1.000000000000000000e+00,1.000000000000000000e+00,1.000000000000000000e+00,1.000000000000000000e+00,1.000000119209289551e+00,1.000000000000000000e+00,1.000000000000000000e+00,9.938123822212219238e-01,9.983322620391845703e-01,9.995918869972229004e-01,9.998996853828430176e-01,9.999749660491943359e-01,9.999937415122985840e-01,9.999985098838806152e-01,9.999997019767761230e-01,9.999999403953552246e-01,1.000000000000000000e+00,9.999999403953552246e-01,1.000000000000000000e+00,1.000000000000000000e+00,1.000000000000000000e+00,1.000000000000000000e+00,1.000000000000000000e+00,9.767680764198303223e-01,1.000000000000000000e+00,1.000000000000000000e+00,1.000000000000000000e+00,9.909965395927429199e-01,9.974387288093566895e-01,9.992366433143615723e-01,9.997925758361816406e-01,9.997628331184387207e-01,9.999391436576843262e-01,9.999845623970031738e-01,9.999961256980895996e-01,9.999990463256835938e-01,9.999997019767761230e-01,9.999999403953552246e-01,1.000000000000000000e+00,1.000000000000000000e+00,1.000000000000000000e+00,1.000000000000000000e+00,1.000000000000000000e+00,9.821189045906066895e-01,1.000000000000000000e+00,1.000000000000000000e+00,1.000000000000000000e+00,9.829699397087097168e-01,9.983194470405578613e-01,9.995398521423339844e-01,9.998763203620910645e-01,9.991757869720458984e-01,9.997916817665100098e-01,9.999485015869140625e-01,9.999871253967285156e-01,9.999969005584716797e-01,9.999992251396179199e-01,9.999998211860656738e-01,9.999999403953552246e-01,1.000000000000000000e+00,1.000000000000000000e+00,1.000000000000000000e+00,1.000000000000000000e+00,9.313601851463317871e-01,1.000000000000000000e+00,1.000000000000000000e+00,1.000000000000000000e+00,9.835467934608459473e-01,9.962189793586730957e-01,9.994006752967834473e-01,9.999337196350097656e-01,9.999297261238098145e-01,9.999838471412658691e-01,9.999959468841552734e-01,9.999990463256835938e-01,9.999997019767761230e-01,9.999998211860656738e-01,9.999999403953552246e-01,1.000000000000000000e+00,1.000000000000000000e+00,1.000000000000000000e+00,1.000000000000000000e+00,1.000000119209289551e+00,9.490152001380920410e-01,1.000000000000000000e+00,1.000000000000000000e+00,1.000000000000000000e+00,9.893615245819091797e-01,9.976795315742492676e-01,9.994368553161621094e-01,9.998579621315002441e-01,8.522225022315979004e-01,9.516689181327819824e-01,9.872770309448242188e-01,9.966587424278259277e-01,9.991180300712585449e-01,9.997740387916564941e-01,9.999412894248962402e-01,9.999849796295166016e-01,9.999962449073791504e-01,9.999990463256835938e-01,9.999997019767761230e-01,9.999999403953552246e-01,9.697189331054687500e-01,1.000000000000000000e+00,1.000000000000000000e+00,1.000000000000000000e+00,1.000000000000000000e+00,1.000000000000000000e+00,1.000000000000000000e+00,1.000000000000000000e+00,9.252321720123291016e-01,8.937697410583496094e-01,9.823390841484069824e-01,9.949445724487304688e-01,9.987006783485412598e-01,9.997115135192871094e-01,9.999325275421142578e-01,9.999837279319763184e-01,9.999960064888000488e-01,9.999990463256835938e-01,9.999997019767761230e-01,1.000000000000000000e+00,9.974067807197570801e-01,1.000000000000000000e+00,1.000000000000000000e+00
9.629996418952941895e-01,1.000000000000000000e+00,9.755749106407165527e-01,9.698173403739929199e-01,9.665319323539733887e-01,9.647625088691711426e-01,9.638900756835937500e-01,9.634477496147155762e-01,9.632244110107421875e-01,9.631121754646301270e-01,9.630559086799621582e-01,9.630278944969177246e-01,9.630137085914611816e-01,9.630067348480224609e-01,9.630031585693359375e-01,9.630014300346374512e-01,9.630005955696105957e-01,9.630001187324523926e-01,9.629999995231628418e-01,9.629997611045837402e-01,9.629996418952941895e-01,9.690318107604980469e-01,9.702543616294860840e-01,9.668564200401306152e-01,9.649303555488586426e-01,9.639853835105895996e-01,9.634974598884582520e-01,9.632498621940612793e-01,9.631250500679016113e-01,9.630624651908874512e-01,9.630310535430908203e-01,9.630153775215148926e-01,9.630076289176940918e-01,9.630036354064941406e-01,9.630017280578613281e-01,9.630005955696105957e-01,9.630001187324523926e-01,9.413053393363952637e-01,9.629998207092285156e-01,9.629997611045837402e-01,9.629996418952941895e-01,9.587521553039550781e-01,9.653940200805664062e-01,9.647212028503417969e-01,9.640432000160217285e-01,9.629978537559509277e-01,9.630554318428039551e-01,9.630417823791503906e-01,9.630245566368103027e-01,9.630131125450134277e-01,9.630065560340881348e-01,9.630032181739807129e-01,9.630014896392822266e-01,9.630005955696105957e-01,9.630001187324523926e-01,9.629998207092285156e-01,9.629998207092285156e-01,9.732330441474914551e-01,9.629997611045837402e-01,9.629997611045837402e-01,9.629996418952941895e-01,9.342932701110839844e-01,9.564177393913269043e-01,9.598792195320129395e-01,9.614207744598388672e-01,9.602689743041992188e-01,9.616456031799316406e-01,9.622769355773925781e-01,9.626259207725524902e-01,9.628148078918457031e-01,9.629079699516296387e-01,9.629538655281066895e-01,9.629768729209899902e-01,9.629881978034973145e-01,9.629939198493957520e-01,9.629969000816345215e-01,9.629983305931091309e-01,8.717072606086730957e-01,9.629993438720703125e-01,9.629995226860046387e-01,9.629996418952941895e-01,9.336325526237487793e-01,9.538533091545104980e-01,9.604392051696777344e-01,9.627111554145812988e-01,9.633204936981201172e-01,9.633255600929260254e-01,9.631664156913757324e-01,9.630840420722961426e-01,9.630420207977294922e-01,9.630209803581237793e-01,9.630103111267089844e-01,9.630050659179687500e-01,9.630023837089538574e-01,9.630010724067687988e-01,9.630003571510314941e-01,9.629999995231628418e-01,8.940708637237548828e-01,9.629997611045837402e-01,9.629996418952941895e-01,9.629996418952941895e-01,9.628388285636901855e-01,9.658684730529785156e-01,9.651157855987548828e-01,9.641787409782409668e-01,8.479418158531188965e-01,9.154425263404846191e-01,9.498450160026550293e-01,9.598013758659362793e-01,9.620630145072937012e-01,9.626693725585937500e-01,9.628269076347351074e-01,9.629176259040832520e-01,9.629622101783752441e-01,9.629818797111511230e-01,9.629909992218017578e-01,9.629953503608703613e-01,9.612287878990173340e-01,9.629986286163330078e-01,9.629991650581359863e-01,9.629996418952941895e-01,9.629996418952941895e-01,9.629996418952941895e-01,9.629996418952941895e-01,9.629996418952941895e-01,9.520316123962402344e-01,9.245905876159667969e-01,9.729881882667541504e-01,9.721670150756835938e-01,9.686434268951416016e-01,9.659376144409179688e-01,9.644674658775329590e-01,9.637281298637390137e-01,9.633665680885314941e-01,9.631838798522949219e-01,9.630920290946960449e-01,9.630458354949951172e-01,9.597555994987487793e-01,9.630112648010253906e-01,9.630054831504821777e-01
9.957273602485656738e-01,9.755749106407165527e-01,1.000000000000000000e+00,9.988594651222229004e-01,9.975162148475646973e-01,9.966574311256408691e-01,9.962047934532165527e-01,9.959695935249328613e-01,9.958493113517761230e-01,9.957886338233947754e-01,9.957581162452697754e-01,9.957427382469177246e-01,9.957349896430969238e-01,9.957311749458312988e-01,9.957292675971984863e-01,9.957283139228820801e-01,9.957278370857238770e-01,9.957275986671447754e-01,9.957274794578552246e-01,9.957273602485656738e-01,9.957273602485656738e-01,9.932377338409423828e-01,9.966352581977844238e-01,9.965634942054748535e-01,9.962268471717834473e-01,9.960014224052429199e-01,9.958703517913818359e-01,9.958003163337707520e-01,9.957642555236816406e-01,9.957458376884460449e-01,9.957367777824401855e-01,9.957320094108581543e-01,9.957297444343566895e-01,9.957285523414611816e-01,9.957279562950134277e-01,9.957275390625000000e-01,9.957275390625000000e-01,9.748017191886901855e-01,9.957273602485656738e-01,9.957273602485656738e-01,9.957273602485656738e-01,9.848041534423828125e-01,9.924158453941345215e-01,9.944766163825988770e-01,9.952530860900878906e-01,9.953200221061706543e-01,9.955767989158630371e-01,9.956652522087097168e-01,9.956998825073242188e-01,9.957144856452941895e-01,9.957211613655090332e-01,9.957243800163269043e-01,9.957258701324462891e-01,9.957265853881835938e-01,9.957270026206970215e-01,9.957272410392761230e-01,9.957272410392761230e-01,9.803753495216369629e-01,9.957273006439208984e-01,9.957273602485656738e-01,9.957273602485656738e-01,9.739646911621093750e-01,9.924833178520202637e-01,9.944452643394470215e-01,9.951693415641784668e-01,9.935427308082580566e-01,9.948113560676574707e-01,9.953121542930603027e-01,9.955291152000427246e-01,9.956303238868713379e-01,9.956795573234558105e-01,9.957036972045898438e-01,9.957154393196105957e-01,9.957215189933776855e-01,9.957243800163269043e-01,9.957258701324462891e-01,9.957265853881835938e-01,9.246160984039306641e-01,9.957271218299865723e-01,9.957272410392761230e-01,9.957273602485656738e-01,9.778819084167480469e-01,9.911758899688720703e-01,9.947810769081115723e-01,9.955989718437194824e-01,9.956918358802795410e-01,9.957556724548339844e-01,9.957454204559326172e-01,9.957373738288879395e-01,9.957325458526611328e-01,9.957299828529357910e-01,9.957287907600402832e-01,9.957280158996582031e-01,9.957277178764343262e-01,9.957275390625000000e-01,9.957274794578552246e-01,9.957273602485656738e-01,9.414843916893005371e-01,9.957273602485656738e-01,9.957273006439208984e-01,9.957273602485656738e-01,9.900147318840026855e-01,9.957734942436218262e-01,9.963390231132507324e-01,9.961393475532531738e-01,8.531259894371032715e-01,9.490721821784973145e-01,9.839200377464294434e-01,9.929364323616027832e-01,9.951114654541015625e-01,9.956116080284118652e-01,9.957062602043151855e-01,9.957284331321716309e-01,9.957315325736999512e-01,9.957304000854492188e-01,9.957289695739746094e-01,9.957282543182373047e-01,9.712029099464416504e-01,9.957275986671447754e-01,9.957274794578552246e-01,9.957273602485656738e-01,9.957273602485656738e-01,9.957273602485656738e-01,9.957273602485656738e-01,9.957273602485656738e-01,9.359001517295837402e-01,9.056875109672546387e-01,9.871105551719665527e-01,9.957825541496276855e-01,9.970548152923583984e-01,9.966745376586914062e-01,9.962487816810607910e-01,9.959948062896728516e-01,9.958648085594177246e-01,9.957969784736633301e-01,9.957624077796936035e-01,9.957449436187744141e-01,9.911317825317382812e-01,9.957317709922790527e-01,9.957295060157775879e-01
9.989526867866516113e-01,9.698173403739929199e-01,9.988594651222229004e-01,1.000000000000000000e+00,9.997277259826660156e-01,9.993930459022521973e-01,9.991872906684875488e-01,9.990738034248352051e-01,9.990141391754150391e-01,9.989836215972900391e-01,9.989681839942932129e-01,9.989604353904724121e-01,9.989566206932067871e-01,9.989545941352844238e-01,9.989536404609680176e-01,9.989531636238098145e-01,9.989528656005859375e-01,9.989526867866516113e-01,9.989528059959411621e-01,9.989526867866516113e-01,9.989526867866516113e-01,9.943979382514953613e-01,9.984820485115051270e-01,9.991254806518554688e-01,9.991340637207031250e-01,9.990682601928710938e-01,9.990165829658508301e-01,9.989861845970153809e-01,9.989698529243469238e-01,9.989612698554992676e-01,9.989569783210754395e-01,9.989548325538635254e-01,9.989538192749023438e-01,9.989531636238098145e-01,9.989530444145202637e-01,9.989528656005859375e-01,9.989528059959411621e-01,9.766697883605957031e-01,9.989526867866516113e-01,9.989526271820068359e-01,9.989526867866516113e-01,9.889358878135681152e-01,9.959511160850524902e-01,9.979093074798583984e-01,9.985925555229187012e-01,9.986059069633483887e-01,9.988343119621276855e-01,9.989070296287536621e-01,9.989334940910339355e-01,9.989440441131591797e-01,9.989485740661621094e-01,9.989506602287292480e-01,9.989516139030456543e-01,9.989521503448486328e-01,9.989524483680725098e-01,9.989525675773620605e-01,9.989526271820068359e-01,9.821629524230957031e-01,9.989526271820068359e-01,9.989526271820068359e-01,9.989526867866516113e-01,9.795463681221008301e-01,9.964603781700134277e-01,9.980668425559997559e-01,9.986044764518737793e-01,9.974581599235534668e-01,9.983969330787658691e-01,9.987227916717529297e-01,9.988484978675842285e-01,9.989029765129089355e-01,9.989285469055175781e-01,9.989407658576965332e-01,9.989468455314636230e-01,9.989498257637023926e-01,9.989511966705322266e-01,9.989519119262695312e-01,9.989523291587829590e-01,9.291462898254394531e-01,9.989525675773620605e-01,9.989526867866516113e-01,9.989526867866516113e-01,9.817765355110168457e-01,9.947714805603027344e-01,9.981682896614074707e-01,9.988467097282409668e-01,9.989037513732910156e-01,9.989595413208007812e-01,9.989600777626037598e-01,9.989574551582336426e-01,9.989552497863769531e-01,9.989540576934814453e-01,9.989534020423889160e-01,9.989531040191650391e-01,9.989528656005859375e-01,9.989528656005859375e-01,9.989526271820068359e-01,9.989526271820068359e-01,9.464771151542663574e-01,9.989526271820068359e-01,9.989526271820068359e-01,9.989526867866516113e-01,9.904857277870178223e-01,9.977057576179504395e-01,9.989366531372070312e-01,9.990713000297546387e-01,8.527734279632568359e-01,9.511978626251220703e-01,9.866237640380859375e-01,9.958851933479309082e-01,9.982146620750427246e-01,9.987880587577819824e-01,9.989158511161804199e-01,9.989473223686218262e-01,9.989536404609680176e-01,9.989541172981262207e-01,9.989535808563232422e-01,9.989532828330993652e-01,9.711713790893554688e-01,9.989528059959411621e-01,9.989528059959411621e-01,9.989526867866516113e-01,9.989526867866516113e-01,9.989526867866516113e-01,9.989526867866516113e-01,9.989526867866516113e-01,9.307554364204406738e-01,8.995079994201660156e-01,9.853029251098632812e-01,9.961733818054199219e-01,9.988409876823425293e-01,9.992249011993408203e-01,9.991540908813476562e-01,9.990670680999755859e-01,9.990138411521911621e-01,9.989842772483825684e-01,9.989686012268066406e-01,9.989607930183410645e-01,9.953072071075439453e-01,9.989545941352844238e-01,9.989536404609680176e-01
9.997441172599792480e-01,9.665319323539733887e-01,9.975162148475646973e-01,9.997277259826660156e-01,1.000000000000000000e+00,9.999333024024963379e-01,9.998540878295898438e-01,9.998030066490173340e-01,9.997745156288146973e-01,9.997594952583312988e-01,9.997518658638000488e-01,9.997479915618896484e-01,9.997460246086120605e-01,9.997451305389404297e-01,9.997445940971374512e-01,9.997443556785583496e-01,9.997441172599792480e-01,9.997441172599792480e-01,9.997441768646240234e-01,9.997441172599792480e-01,9.997441172599792480e-01,9.942795634269714355e-01,9.986284375190734863e-01,9.996053576469421387e-01,9.997755885124206543e-01,9.997849464416503906e-01,9.997707009315490723e-01,9.997589588165283203e-01,9.997518658638000488e-01,9.997480511665344238e-01,9.997461438179016113e-01,9.997450709342956543e-01,9.997446537017822266e-01,9.997443556785583496e-01,9.997442364692687988e-01,9.997441172599792480e-01,9.997441768646240234e-01,9.769074320793151855e-01,9.997441768646240234e-01,9.997441172599792480e-01,9.997441172599792480e-01,9.902343750000000000e-01,9.969615340232849121e-01,9.988406300544738770e-01,9.994603991508483887e-01,9.994532465934753418e-01,9.996547102928161621e-01,9.997134208679199219e-01,9.997323155403137207e-01,9.997391700744628906e-01,9.997418522834777832e-01,9.997429847717285156e-01,9.997436404228210449e-01,9.997439384460449219e-01,9.997439980506896973e-01,9.997439980506896973e-01,9.997441172599792480e-01,9.823821187019348145e-01,9.997439980506896973e-01,9.997439980506896973e-01,9.997441172599792480e-01,9.815310835838317871e-01,9.976621270179748535e-01,9.990754723548889160e-01,9.995105266571044922e-01,9.985936284065246582e-01,9.993672370910644531e-01,9.996058940887451172e-01,9.996864795684814453e-01,9.997177720069885254e-01,9.997317194938659668e-01,9.997380375862121582e-01,9.997411370277404785e-01,9.997426867485046387e-01,9.997432827949523926e-01,9.997437596321105957e-01,9.997439384460449219e-01,9.305009841918945312e-01,9.997439980506896973e-01,9.997441172599792480e-01,9.997441172599792480e-01,9.829097390174865723e-01,9.957563877105712891e-01,9.990519881248474121e-01,9.996585845947265625e-01,9.996852874755859375e-01,9.997395873069763184e-01,9.997457861900329590e-01,9.997460246086120605e-01,9.997451901435852051e-01,9.997447133064270020e-01,9.997444748878479004e-01,9.997442364692687988e-01,9.997442364692687988e-01,9.997441172599792480e-01,9.997441768646240234e-01,9.997441172599792480e-01,9.479297995567321777e-01,9.997441768646240234e-01,9.997441172599792480e-01,9.997441172599792480e-01,9.901577830314636230e-01,9.979493618011474609e-01,9.994543194770812988e-01,9.997351765632629395e-01,8.528841137886047363e-01,9.518398642539978027e-01,9.873132705688476562e-01,9.965947270393371582e-01,9.989647865295410156e-01,9.995651245117187500e-01,9.997048377990722656e-01,9.997382760047912598e-01,9.997449517250061035e-01,9.997454285621643066e-01,9.997450709342956543e-01,9.997447133064270020e-01,9.706227183341979980e-01,9.997442364692687988e-01,9.997442364692687988e-01,9.997441172599792480e-01,9.997441172599792480e-01,9.997441172599792480e-01,9.997441172599792480e-01,9.997441172599792480e-01,9.280691742897033691e-01,8.966627120971679688e-01,9.839692115783691406e-01,9.957463145256042480e-01,9.990037083625793457e-01,9.997217655181884766e-01,9.998068213462829590e-01,9.997923374176025391e-01,9.997723102569580078e-01,9.997591376304626465e-01,9.997518658638000488e-01,9.997479915618896484e-01,9.965999126434326172e-01,9.997451901435852051e-01,9.997445940971374512e-01
9.999367594718933105e-01,9.647625088691711426e-01,9.966574311256408691e-01,9.993930459022521973e-01,9.999333024024963379e-01,1.000000000000000000e+00,9.999840855598449707e-01,9.999644160270690918e-01,9.999515414237976074e-01,9.999442696571350098e-01,9.999406337738037109e-01,9.999386668205261230e-01,9.999377131462097168e-01,9.999372363090515137e-01,9.999369978904724121e-01,9.999368786811828613e-01,9.999367594718933105e-01,9.999367594718933105e-01,9.999367594718933105e-01,9.999367594718933105e-01,9.999367594718933105e-01,9.940690398216247559e-01,9.985206723213195801e-01,9.996529221534729004e-01,9.998982548713684082e-01,9.999426007270812988e-01,9.999459385871887207e-01,9.999428391456604004e-01,9.999402165412902832e-01,9.999385476112365723e-01,9.999377131462097168e-01,9.999371170997619629e-01,9.999370574951171875e-01,9.999368786811828613e-01,9.999367594718933105e-01,9.999367594718933105e-01,9.999367594718933105e-01,9.768808484077453613e-01,9.999367594718933105e-01,9.999367594718933105e-01,9.999367594718933105e-01,9.906905293464660645e-01,9.972704052925109863e-01,9.991071820259094238e-01,9.996933937072753906e-01,9.996771812438964844e-01,9.998638033866882324e-01,9.999144673347473145e-01,9.999294281005859375e-01,9.999340176582336426e-01,9.999356269836425781e-01,9.999362826347351074e-01,9.999364018440246582e-01,9.999365806579589844e-01,9.999366402626037598e-01,9.999366402626037598e-01,9.999367594718933105e-01,9.823134541511535645e-01,9.999366402626037598e-01,9.999367594718933105e-01,9.999367594718933105e-01,9.823200702667236328e-01,9.980565905570983887e-01,9.993749260902404785e-01,9.997596740722656250e-01,9.989574551582336426e-01,9.996486306190490723e-01,9.998441338539123535e-01,9.999024868011474609e-01,9.999224543571472168e-01,9.999303221702575684e-01,9.999336600303649902e-01,9.999353289604187012e-01,9.999360442161560059e-01,9.999364018440246582e-01,9.999365806579589844e-01,9.999365806579589844e-01,9.310042262077331543e-01,9.999367594718933105e-01,9.999367594718933105e-01,9.999367594718933105e-01,9.832766652107238770e-01,9.960452914237976074e-01,9.992897510528564453e-01,9.998617172241210938e-01,9.998735785484313965e-01,9.999269843101501465e-01,9.999358654022216797e-01,9.999372959136962891e-01,9.999372363090515137e-01,9.999370574951171875e-01,9.999368786811828613e-01,9.999368190765380859e-01,9.999368190765380859e-01,9.999367594718933105e-01,9.999367594718933105e-01,9.999367594718933105e-01,9.484956264495849609e-01,9.999367594718933105e-01,9.999367594718933105e-01,9.999367594718933105e-01,9.898211359977722168e-01,9.978802800178527832e-01,9.995133280754089355e-01,9.998649954795837402e-01,8.527076244354248047e-01,9.519029259681701660e-01,9.874164462089538574e-01,9.967247843742370605e-01,9.991245865821838379e-01,9.997439384460449219e-01,9.998927712440490723e-01,9.999289512634277344e-01,9.999365210533142090e-01,9.999375343322753906e-01,9.999373555183410645e-01,9.999371170997619629e-01,9.702122211456298828e-01,9.999368786811828613e-01,9.999368190765380859e-01,9.999367594718933105e-01,9.999367594718933105e-01,9.999367594718933105e-01,9.999367594718933105e-01,9.999367594718933105e-01,9.266240000724792480e-01,8.951956629753112793e-01,9.831437468528747559e-01,9.953551292419433594e-01,9.988926053047180176e-01,9.997712969779968262e-01,9.999315142631530762e-01,9.999524950981140137e-01,9.999486804008483887e-01,9.999437332153320312e-01,9.999404549598693848e-01,9.999386668205261230e-01,9.970622658729553223e-01,9.999372363090515137e-01,9.999368786811828613e-01
9.999842047691345215e-01,9.638900756835937500e-01,9.962047934532165527e-01,9.991872906684875488e-01,9.998540878295898438e-01,9.999840855598449707e-01,1.000000000000000000e+00,9.999960064888000488e-01,9.999911189079284668e-01,9.999879002571105957e-01,9.999859929084777832e-01,9.999852180480957031e-01,9.999846816062927246e-01,9.999844431877136230e-01,9.999842643737792969e-01,9.999842047691345215e-01,9.999842047691345215e-01,9.999842643737792969e-01,9.999842047691345215e-01,9.999842047691345215e-01,9.999842047691345215e-01,9.939544796943664551e-01,9.984402656555175781e-01,9.996373653411865234e-01,9.999146461486816406e-01,9.999745488166809082e-01,9.999856352806091309e-01,9.999864697456359863e-01,9.999856948852539062e-01,9.999850392341613770e-01,9.999845623970031738e-01,9.999844431877136230e-01,9.999842643737792969e-01,9.999842047691345215e-01,9.999842047691345215e-01,9.999842047691345215e-01,9.999842047691345215e-01,9.768400788307189941e-01,9.999842047691345215e-01,9.999842047691345215e-01,9.999842047691345215e-01,9.908629059791564941e-01,9.973721504211425781e-01,9.991888403892517090e-01,9.997593760490417480e-01,9.997367858886718750e-01,9.999176859855651855e-01,9.999654889106750488e-01,9.999786019325256348e-01,9.999823570251464844e-01,9.999834895133972168e-01,9.999838471412658691e-01,9.999840855598449707e-01,9.999842047691345215e-01,9.999840855598449707e-01,9.999842047691345215e-01,9.999842047691345215e-01,9.822346568107604980e-01,9.999842047691345215e-01,9.999842047691345215e-01,9.999842047691345215e-01,9.826638698577880859e-01,9.982047677040100098e-01,9.994739890098571777e-01,9.998342394828796387e-01,9.990840554237365723e-01,9.997368454933166504e-01,9.999125599861145020e-01,9.999608397483825684e-01,9.999755024909973145e-01,9.999806284904479980e-01,9.999825954437255859e-01,9.999834895133972168e-01,9.999837875366210938e-01,9.999840259552001953e-01,9.999840855598449707e-01,9.999842047691345215e-01,9.312000274658203125e-01,9.999842047691345215e-01,9.999840855598449707e-01,9.999842047691345215e-01,9.834237098693847656e-01,9.961462616920471191e-01,9.993607401847839355e-01,9.999136924743652344e-01,9.999175667762756348e-01,9.999713897705078125e-01,9.999817013740539551e-01,9.999839663505554199e-01,9.999842643737792969e-01,9.999842643737792969e-01,9.999842643737792969e-01,9.999842047691345215e-01,9.999842047691345215e-01,9.999842047691345215e-01,9.999842643737792969e-01,9.999842047691345215e-01,9.487652182579040527e-01,9.999840855598449707e-01,9.999842047691345215e-01,9.999842047691345215e-01,9.896069169044494629e-01,9.977960586547851562e-01,9.994912147521972656e-01,9.998776912689208984e-01,8.524866700172424316e-01,9.518099427223205566e-01,9.873679280281066895e-01,9.967108368873596191e-01,9.991390109062194824e-01,9.997757077217102051e-01,9.999333024024963379e-01,9.999729990959167480e-01,9.999823570251464844e-01,9.999840855598449707e-01,9.999844431877136230e-01,9.999842643737792969e-01,9.699795842170715332e-01,9.999842643737792969e-01,9.999842047691345215e-01,9.999842047691345215e-01,9.999842047691345215e-01,9.999842047691345215e-01,9.999842047691345215e-01,9.999842047691345215e-01,9.259317517280578613e-01,8.944863677024841309e-01,9.827478528022766113e-01,9.951590895652770996e-01,9.988093972206115723e-01,9.997559189796447754e-01,9.999473690986633301e-01,9.999838471412658691e-01,9.999881386756896973e-01,9.999871253967285156e-01,9.999859333038330078e-01,9.999850392341613770e-01,9.972510933876037598e-01,9.999844431877136230e-01,9.999842643737792969e-01
9.999960064888000488e-01,9.634477496147155762e-01,9.959695935249328613e-01,9.990738034248352051e-01,9.998030066490173340e-01,9.999644160270690918e-01,9.999960064888000488e-01,1.000000000000000000e+00,9.999990463256835938e-01,9.999978542327880859e-01,9.999969601631164551e-01,9.999966025352478027e-01,9.999963641166687012e-01,9.999962449073791504e-01,9.999961256980895996e-01,9.999961853027343750e-01,9.999961256980895996e-01,9.999961256980895996e-01,9.999961256980895996e-01,9.999960064888000488e-01,9.999960064888000488e-01,9.938872456550598145e-01,9.983901381492614746e-01,9.996185302734375000e-01,9.999111294746398926e-01,9.999787807464599609e-01,9.999936223030090332e-01,9.999964833259582520e-01,9.999966025352478027e-01,9.999964237213134766e-01,9.999962449073791504e-01,9.999961853027343750e-01,9.999961853027343750e-01,9.999961256980895996e-01,9.999961853027343750e-01,9.999961256980895996e-01,9.999960064888000488e-01,9.768078923225402832e-01,9.999961256980895996e-01,9.999960064888000488e-01,9.999960064888000488e-01,9.909338951110839844e-01,9.974095821380615234e-01,9.992167949676513672e-01,9.997799396514892578e-01,9.997537732124328613e-01,9.999324679374694824e-01,9.999790787696838379e-01,9.999914169311523438e-01,9.999947547912597656e-01,9.999956488609313965e-01,9.999959468841552734e-01,9.999960064888000488e-01,9.999961256980895996e-01,9.999961256980895996e-01,9.999961256980895996e-01,9.999961256980895996e-01,9.821806550025939941e-01,9.999960064888000488e-01,9.999960064888000488e-01,9.999960064888000488e-01,9.828209877014160156e-01,9.982662796974182129e-01,9.995109438896179199e-01,9.998592734336853027e-01,9.991338849067687988e-01,9.997683167457580566e-01,9.999344944953918457e-01,9.999780058860778809e-01,9.999901652336120605e-01,9.999938607215881348e-01,9.999951720237731934e-01,9.999957084655761719e-01,9.999958872795104980e-01,9.999959468841552734e-01,9.999960064888000488e-01,9.999960064888000488e-01,9.312841296195983887e-01,9.999961853027343750e-01,9.999961256980895996e-01,9.999960064888000488e-01,9.834893345832824707e-01,9.961867332458496094e-01,9.993847012519836426e-01,9.999277591705322266e-01,9.999276995658874512e-01,9.999815821647644043e-01,9.999928474426269531e-01,9.999954700469970703e-01,9.999960064888000488e-01,9.999961256980895996e-01,9.999960064888000488e-01,9.999961256980895996e-01,9.999961256980895996e-01,9.999961256980895996e-01,9.999961853027343750e-01,9.999961256980895996e-01,9.488940834999084473e-01,9.999960064888000488e-01,9.999960064888000488e-01,9.999960064888000488e-01,9.894878864288330078e-01,9.977416992187500000e-01,9.994680285453796387e-01,9.998717904090881348e-01,8.523573875427246094e-01,9.517433047294616699e-01,9.873264431953430176e-01,9.966887831687927246e-01,9.991324543952941895e-01,9.997789263725280762e-01,9.999412894248962402e-01,9.999830126762390137e-01,9.999933242797851562e-01,9.999955296516418457e-01,9.999961256980895996e-01,9.999961853027343750e-01,9.698526263236999512e-01,9.999961256980895996e-01,9.999960064888000488e-01,9.999960064888000488e-01,9.999960064888000488e-01,9.999960064888000488e-01,9.999960064888000488e-01,9.999960064888000488e-01,9.255846142768859863e-01,8.941306471824645996e-01,9.825470447540283203e-01,9.950556159019470215e-01,9.987589716911315918e-01,9.997377395629882812e-01,9.999439120292663574e-01,9.999877810478210449e-01,9.999960064888000488e-01,9.999971389770507812e-01,9.999968409538269043e-01,9.999966025352478027e-01,9.973331093788146973e-01,9.999961853027343750e-01,9.999961853027343750e-01
9.999990463256835938e-01,9.632244110107421875e-01,9.958493113517761230e-01,9.990141391754150391e-01,9.997745156288146973e-01,9.999515414237976074e-01,9.999911189079284668e-01,9.999990463256835938e-01,1.000000000000000000e+00,9.999997019767761230e-01,9.999995231628417969e-01,9.999992251396179199e-01,9.999990463256835938e-01,9.999990463256835938e-01,9.999989867210388184e-01,9.999990463256835938e-01,9.999990463256835938e-01,9.999989867210388184e-01,9.999989867210388184e-01,9.999990463256835938e-01,9.999990463256835938e-01,9.938507080078125000e-01,9.983621239662170410e-01,9.996061921119689941e-01,9.999063611030578613e-01,9.999778866767883301e-01,9.999947547912597656e-01,9.999983906745910645e-01,9.999990463256835938e-01,9.999991059303283691e-01,9.999991059303283691e-01,9.999990463256835938e-01,9.999990463256835938e-01,9.999990463256835938e-01,9.999990463256835938e-01,9.999990463256835938e-01,9.999989867210388184e-01,9.767888188362121582e-01,9.999990463256835938e-01,9.999990463256835938e-01,9.999990463256835938e-01,9.909661412239074707e-01,9.974251389503479004e-01,9.992277026176452637e-01,9.997871518135070801e-01,9.997591972351074219e-01,9.999367594718933105e-01,9.999828338623046875e-01,9.999947547912597656e-01,9.999978542327880859e-01,9.999985694885253906e-01,9.999988675117492676e-01,9.999988675117492676e-01,9.999990463256835938e-01,9.999988675117492676e-01,9.999989867210388184e-01,9.999990463256835938e-01,9.821507334709167480e-01,9.999990463256835938e-01,9.999990463256835938e-01,9.999990463256835938e-01,9.828963875770568848e-01,9.982938170433044434e-01,9.995263218879699707e-01,9.998688101768493652e-01,9.991558194160461426e-01,9.997809529304504395e-01,9.999424815177917480e-01,9.999835491180419922e-01,9.999944567680358887e-01,9.999976158142089844e-01,9.999985098838806152e-01,9.999987483024597168e-01,9.999988675117492676e-01,9.999989867210388184e-01,9.999990463256835938e-01,9.999990463256835938e-01,9.313231110572814941e-01,9.999990463256835938e-01,9.999990463256835938e-01,9.999990463256835938e-01,9.835190773010253906e-01,9.962038397789001465e-01,9.993937611579895020e-01,9.999317526817321777e-01,9.999296665191650391e-01,9.999837279319763184e-01,9.999954104423522949e-01,9.999982714653015137e-01,9.999988079071044922e-01,9.999990463256835938e-01,9.999990463256835938e-01,9.999990463256835938e-01,9.999990463256835938e-01,9.999990463256835938e-01,9.999990463256835938e-01,9.999990463256835938e-01,9.489555954933166504e-01,9.999989867210388184e-01,9.999990463256835938e-01,9.999990463256835938e-01,9.894255995750427246e-01,9.977115988731384277e-01,9.994533658027648926e-01,9.998658299446105957e-01,8.522906303405761719e-01,9.517070651054382324e-01,9.873027205467224121e-01,9.966747760772705078e-01,9.991262555122375488e-01,9.997774958610534668e-01,9.999421238899230957e-01,9.999849796295166016e-01,9.999957084655761719e-01,9.999983310699462891e-01,9.999988675117492676e-01,9.999990463256835938e-01,9.697865843772888184e-01,9.999990463256835938e-01,9.999990463256835938e-01,9.999990463256835938e-01,9.999990463256835938e-01,9.999990463256835938e-01,9.999990463256835938e-01,9.999990463256835938e-01,9.254090189933776855e-01,8.939507603645324707e-01,9.824438691139221191e-01,9.950008988380432129e-01,9.987306594848632812e-01,9.997255206108093262e-01,9.999392628669738770e-01,9.999867081642150879e-01,9.999969601631164551e-01,9.999989867210388184e-01,9.999992251396179199e-01,9.999992847442626953e-01,9.973710179328918457e-01,9.999990463256835938e-01,9.999990463256835938e-01
9.999997019767761230e-01,9.631121754646301270e-01,9.957886338233947754e-01,9.989836215972900391e-01,9.997594952583312988e-01,9.999442696571350098e-01,9.999879002571105957e-01,9.999978542327880859e-01,9.999997019767761230e-01,1.000000000000000000e+00,1.000000000000000000e+00,9.999999403953552246e-01,9.999998211860656738e-01,9.999997615814208984e-01,9.999997019767761230e-01,9.999997615814208984e-01,9.999997615814208984e-01,9.999997615814208984e-01,9.999997615814208984e-01,9.999997019767761230e-01,9.999997019767761230e-01,9.938318133354187012e-01,9.983474612236022949e-01,9.995992779731750488e-01,9.999033808708190918e-01,9.999766945838928223e-01,9.999944567680358887e-01,9.999987483024597168e-01,9.999995827674865723e-01,9.999997615814208984e-01,9.999997615814208984e-01,9.999997615814208984e-01,9.999997615814208984e-01,9.999997019767761230e-01,9.999997615814208984e-01,9.999997615814208984e-01,9.999997615814208984e-01,9.767786860466003418e-01,9.999997615814208984e-01,9.999997615814208984e-01,9.999997019767761230e-01,9.909815788269042969e-01,9.974322319030761719e-01,9.992324709892272949e-01,9.997901320457458496e-01,9.997613430023193359e-01,9.999382495880126953e-01,9.999839663505554199e-01,9.999957084655761719e-01,9.999986290931701660e-01,9.999995231628417969e-01,9.999997019767761230e-01,9.999997019767761230e-01,9.999997615814208984e-01,9.999997615814208984e-01,9.999997019767761230e-01,9.999997615814208984e-01,9.821351170539855957e-01,9.999997615814208984e-01,9.999997615814208984e-01,9.999997019767761230e-01,9.829334616661071777e-01,9.983069300651550293e-01,9.995333552360534668e-01,9.998727440834045410e-01,9.991660714149475098e-01,9.997866153717041016e-01,9.999457001686096191e-01,9.999856948852539062e-01,9.999959468841552734e-01,9.999985694885253906e-01,9.999993443489074707e-01,9.999997019767761230e-01,9.999997019767761230e-01,9.999997019767761230e-01,9.999997019767761230e-01,9.999997019767761230e-01,9.313419461250305176e-01,9.999997615814208984e-01,9.999997019767761230e-01,9.999997019767761230e-01,9.835332036018371582e-01,9.962117075920104980e-01,9.993975162506103516e-01,9.999330639839172363e-01,9.999299049377441406e-01,9.999840259552001953e-01,9.999959468841552734e-01,9.999988675117492676e-01,9.999995827674865723e-01,9.999997019767761230e-01,9.999997019767761230e-01,9.999997019767761230e-01,9.999997615814208984e-01,9.999997615814208984e-01,9.999997019767761230e-01,9.999997615814208984e-01,9.489857554435729980e-01,9.999997615814208984e-01,9.999997615814208984e-01,9.999997019767761230e-01,9.893937110900878906e-01,9.976958632469177246e-01,9.994453787803649902e-01,9.998621940612792969e-01,8.522567749023437500e-01,9.516882896423339844e-01,9.872901439666748047e-01,9.966669678688049316e-01,9.991223812103271484e-01,9.997760653495788574e-01,9.999420642852783203e-01,9.999852180480957031e-01,9.999961853027343750e-01,9.999989867210388184e-01,9.999995231628417969e-01,9.999997019767761230e-01,9.697529673576354980e-01,9.999997019767761230e-01,9.999997615814208984e-01,9.999997019767761230e-01,9.999997019767761230e-01,9.999997019767761230e-01,9.999997019767761230e-01,9.999997019767761230e-01,9.253206849098205566e-01,8.938603997230529785e-01,9.823916554450988770e-01,9.949730038642883301e-01,9.987158775329589844e-01,9.997188448905944824e-01,9.999361634254455566e-01,9.999855160713195801e-01,9.999967217445373535e-01,9.999992251396179199e-01,9.999997615814208984e-01,9.999998211860656738e-01,9.973891377449035645e-01,9.999998211860656738e-01,9.999997615814208984e-01
1.000000000000000000e+00,9.630559086799621582e-01,9.957581162452697754e-01,9.989681839942932129e-01,9.997518658638000488e-01,9.999406337738037109e-01,9.999859929084777832e-01,9.999969601631164551e-01,9.999995231628417969e-01,1.000000000000000000e+00,1.000000000000000000e+00,1.000000000000000000e+00,1.000000000000000000e+00,1.000000000000000000e+00,1.000000000000000000e+00,9.999998211860656738e-01,9.999999403953552246e-01,1.000000000000000000e+00,1.000000000000000000e+00,1.000000000000000000e+00,1.000000000000000000e+00,9.938222765922546387e-01,9.983398914337158203e-01,9.995956420898437500e-01,9.999015927314758301e-01,9.999759793281555176e-01,9.999942183494567871e-01,9.999986290931701660e-01,9.999997019767761230e-01,9.999999403953552246e-01,1.000000000000000000e+00,1.000000000000000000e+00,9.999999403953552246e-01,1.000000000000000000e+00,1.000000000000000000e+00,1.000000000000000000e+00,1.000000000000000000e+00,9.767734408378601074e-01,9.999999403953552246e-01,9.999999403953552246e-01,1.000000000000000000e+00,9.909890294075012207e-01,9.974355697631835938e-01,9.992344975471496582e-01,9.997913837432861328e-01,9.997620582580566406e-01,9.999387264251708984e-01,9.999844431877136230e-01,9.999959468841552734e-01,9.999989867210388184e-01,9.999997019767761230e-01,9.999998211860656738e-01,9.999999403953552246e-01,9.999999403953552246e-01,9.999999403953552246e-01,9.999998211860656738e-01,1.000000000000000000e+00,9.821271300315856934e-01,9.999999403953552246e-01,9.999999403953552246e-01,1.000000000000000000e+00,9.829517006874084473e-01,9.983132481575012207e-01,9.995365738868713379e-01,9.998745918273925781e-01,9.991709589958190918e-01,9.997891783714294434e-01,9.999470710754394531e-01,9.999864101409912109e-01,9.999964237213134766e-01,9.999989867210388184e-01,9.999995827674865723e-01,9.999998211860656738e-01,9.999999403953552246e-01,9.999999403953552246e-01,1.000000000000000000e+00,9.999999403953552246e-01,9.313510060310363770e-01,1.000000000000000000e+00,9.999999403953552246e-01,1.000000000000000000e+00,9.835400581359863281e-01,9.962154030799865723e-01,9.993991851806640625e-01,9.999334812164306641e-01,9.999299049377441406e-01,9.999839663505554199e-01,9.999960064888000488e-01,9.999990463256835938e-01,9.999997615814208984e-01,9.999998211860656738e-01,1.000000000000000000e+00,1.000000000000000000e+00,1.000000000000000000e+00,1.000000000000000000e+00,1.000000000000000000e+00,9.999999403953552246e-01,9.490003585815429688e-01,9.999998211860656738e-01,9.999999403953552246e-01,1.000000000000000000e+00,9.893776774406433105e-01,9.976878166198730469e-01,9.994412064552307129e-01,9.998602271080017090e-01,8.522396683692932129e-01,9.516785740852355957e-01,9.872837066650390625e-01,9.966629147529602051e-01,9.991202950477600098e-01,9.997751712799072266e-01,9.999417662620544434e-01,9.999852180480957031e-01,9.999963641166687012e-01,9.999990463256835938e-01,9.999997019767761230e-01,9.999999403953552246e-01,9.697359204292297363e-01,1.000000000000000000e+00,1.000000000000000000e+00,1.000000000000000000e+00,1.000000000000000000e+00,1.000000000000000000e+00,1.000000000000000000e+00,1.000000000000000000e+00,9.252765178680419922e-01,8.938150405883789062e-01,9.823656082153320312e-01,9.949588179588317871e-01,9.987082481384277344e-01,9.997151494026184082e-01,9.999343752861022949e-01,9.999847412109375000e-01,9.999964237213134766e-01,9.999992251396179199e-01,9.999998211860656738e-01,1.000000000000000000e+00,9.973980784416198730e-01,9.999999403953552246e-01,9.999998211860656738e-01
