1.000000000000000000e+00,8.468349575996398926e-01,9.094102382659912109e-01,9.996123313903808594e-01,1.000000000000000000e+00,9.150044322013854980e-01,9.994733929634094238e-01,9.992451071739196777e-01,9.992456436157226562e-01,9.879159331321716309e-01,1.000000000000000000e+00,1.000000000000000000e+00,1.000000000000000000e+00,9.991964697837829590e-01,1.000000000000000000e+00,1.000000000000000000e+00,1.000000000000000000e+00,1.000000000000000000e+00,1.000000000000000000e+00,1.000000000000000000e+00,1.000000000000000000e+00,9.949364066123962402e-01,1.000000000000000000e+00,1.000000000000000000e+00,1.000000000000000000e+00,8.444679379463195801e-01,1.000000000000000000e+00,1.000000000000000000e+00,1.000000000000000000e+00,9.981672167778015137e-01,1.000000000000000000e+00,1.000000000000000000e+00,1.000000000000000000e+00,9.992579817771911621e-01,1.000000000000000000e+00,1.000000000000000000e+00,1.000000000000000000e+00,1.000000000000000000e+00,1.000000000000000000e+00,9.771868586540222168e-01,1.000000000000000000e+00,1.000000000000000000e+00,1.000000000000000000e+00,1.000000000000000000e+00,9.990212321281433105e-01,9.642305970191955566e-01,1.000000000000000000e+00,1.000000000000000000e+00,1.000000000000000000e+00,9.999680519104003906e-01,1.000000000000000000e+00,1.000000000000000000e+00,1.000000000000000000e+00,9.984264969825744629e-01,1.000000000000000000e+00,1.000000000000000000e+00,1.000000000000000000e+00,1.000000000000000000e+00,1.000000000000000000e+00,1.000000000000000000e+00,1.000000000000000000e+00,1.000000000000000000e+00,1.000000000000000000e+00,1.000000000000000000e+00,1.000000000000000000e+00,9.975978732109069824e-01,1.000000000000000000e+00,1.000000000000000000e+00,1.000000000000000000e+00,1.000000000000000000e+00,1.000000000000000000e+00,1.000000000000000000e+00,1.000000000000000000e+00,9.995929598808288574e-01,1.000000000000000000e+00,1.000000000000000000e+00,1.000000000000000000e+00,9.992614388465881348e-01,1.000000000000000000e+00,1.000000000000000000e+00,1.000000000000000000e+00,9.979417920112609863e-01,1.000000000000000000e+00,1.000000000000000000e+00,1.000000000000000000e+00,1.000000000000000000e+00,1.000000000000000000e+00,1.000000000000000000e+00,1.000000000000000000e+00,1.000000000000000000e+00,1.000000000000000000e+00,1.000000000000000000e+00,1.000000000000000000e+00,9.988977909088134766e-01,1.000000000000000000e+00,1.000000000000000000e+00,1.000000000000000000e+00,9.993087649345397949e-01,1.000000000000000000e+00,9.869835376739501953e-01,1.000000000000000000e+00,9.988226890563964844e-01,1.000000000000000000e+00,1.000000000000000000e+00,1.000000000000000000e+00,1.000000000000000000e+00,1.000000000000000000e+00,1.000000000000000000e+00,1.000000000000000000e+00,1.000000000000000000e+00,1.000000000000000000e+00,1.000000000000000000e+00,1.000000000000000000e+00,9.999930262565612793e-01,9.970600008964538574e-01,9.815139770507812500e-01,1.000000000000000000e+00,9.622957110404968262e-01,9.744356274604797363e-01,9.994974136352539062e-01,1.000000000000000000e+00,9.996576309204101562e-01,9.986367225646972656e-01,9.967940449714660645e-01,1.000000000000000000e+00,1.000000000000000000e+00,1.000000000000000000e+00,1.000000000000000000e+00,1.000000000000000000e+00,1.000000000000000000e+00,1.000000000000000000e+00,9.739727377891540527e-01,1.000000000000000000e+00,9.996318817138671875e-01,9.445567131042480469e-01,9.633944034576416016e-01,1.000000000000000000e+00,9.802085757255554199e-01,8.844497203826904297e-01,9.999966025352478027e-01
8.468349575996398926e-01,1.000000000000000000e+00,6.864141821861267090e-01,8.444594740867614746e-01,8.468349575996398926e-01,8.016269207000732422e-01,8.431484103202819824e-01,8.459365367889404297e-01,8.484160900115966797e-01,8.454902172088623047e-01,8.468349575996398926e-01,8.468349575996398926e-01,8.468349575996398926e-01,8.448827266693115234e-01,8.468349575996398926e-01,8.468349575996398926e-01,8.468349575996398926e-01,8.468349575996398926e-01,8.468349575996398926e-01,8.468349575996398926e-01,8.468349575996398926e-01,8.269770741462707520e-01,8.468349575996398926e-01,8.468349575996398926e-01,8.468349575996398926e-01,7.385233044624328613e-01,8.468349575996398926e-01,8.468349575996398926e-01,8.468349575996398926e-01,8.459474444389343262e-01,8.468349575996398926e-01,8.468349575996398926e-01,8.468349575996398926e-01,8.444717526435852051e-01,8.468349575996398926e-01,8.468349575996398926e-01,8.468349575996398926e-01,8.468349575996398926e-01,8.468349575996398926e-01,8.465883135795593262e-01,8.468349575996398926e-01,8.468349575996398926e-01,8.468349575996398926e-01,8.468349575996398926e-01,8.500297069549560547e-01,8.201459050178527832e-01,8.468349575996398926e-01,8.468349575996398926e-01,8.468349575996398926e-01,8.474202156066894531e-01,8.468349575996398926e-01,8.468349575996398926e-01,8.468349575996398926e-01,8.436492085456848145e-01,8.468349575996398926e-01,8.468349575996398926e-01,8.468349575996398926e-01,8.468349575996398926e-01,8.468349575996398926e-01,8.468349575996398926e-01,8.468349575996398926e-01,8.468349575996398926e-01,8.468349575996398926e-01,8.468349575996398926e-01,8.468349575996398926e-01,8.492817878723144531e-01,8.468349575996398926e-01,8.468349575996398926e-01,8.468349575996398926e-01,8.468349575996398926e-01,8.468349575996398926e-01,8.468349575996398926e-01,8.468349575996398926e-01,8.461437225341796875e-01,8.468349575996398926e-01,8.468349575996398926e-01,8.468349575996398926e-01,8.463645577430725098e-01,8.468349575996398926e-01,8.468349575996398926e-01,8.468349575996398926e-01,8.487754464149475098e-01,8.468349575996398926e-01,8.468349575996398926e-01,8.468349575996398926e-01,8.468349575996398926e-01,8.468349575996398926e-01,8.468349575996398926e-01,8.468349575996398926e-01,8.468349575996398926e-01,8.468349575996398926e-01,8.468349575996398926e-01,8.468349575996398926e-01,8.472537994384765625e-01,8.468349575996398926e-01,8.468349575996398926e-01,8.468349575996398926e-01,8.472735881805419922e-01,8.468349575996398926e-01,8.251729011535644531e-01,8.468349575996398926e-01,8.402356505393981934e-01,8.468349575996398926e-01,8.468349575996398926e-01,8.468349575996398926e-01,8.468349575996398926e-01,8.468349575996398926e-01,8.468349575996398926e-01,8.468349575996398926e-01,8.468349575996398926e-01,8.468349575996398926e-01,8.468349575996398926e-01,8.468349575996398926e-01,8.473333716392517090e-01,8.399174809455871582e-01,8.225566744804382324e-01,8.468349575996398926e-01,8.015496134757995605e-01,8.051546216011047363e-01,8.474860191345214844e-01,8.468349575996398926e-01,8.421540260314941406e-01,8.379004597663879395e-01,8.466348648071289062e-01,8.468349575996398926e-01,8.468349575996398926e-01,8.468349575996398926e-01,8.468349575996398926e-01,8.468349575996398926e-01,8.468349575996398926e-01,8.468349575996398926e-01,8.745877742767333984e-01,8.468349575996398926e-01,8.442799448966979980e-01,7.776532769203186035e-01,8.682392239570617676e-01,8.468349575996398926e-01,8.521776199340820312e-01,7.299892902374267578e-01,8.467693328857421875e-01
9.094102382659912109e-01,6.864141821861267090e-01,1.000000000000000000e+00,9.139769673347473145e-01,9.094102382659912109e-01,8.367310166358947754e-01,9.150817990303039551e-01,9.136759638786315918e-01,9.020784497261047363e-01,9.027829766273498535e-01,9.094102382659912109e-01,9.094102382659912109e-01,9.094102382659912109e-01,9.133036732673645020e-01,9.094102382659912109e-01,9.094102382659912109e-01,9.094102382659912109e-01,9.094102382659912109e-01,9.094102382659912109e-01,9.094102382659912109e-01,9.094102382659912109e-01,9.201946854591369629e-01,9.094102382659912109e-01,9.094102382659912109e-01,9.094102382659912109e-01,8.024351596832275391e-01,9.094102382659912109e-01,9.094102382659912109e-01,9.094102382659912109e-01,9.170650839805603027e-01,9.094102382659912109e-01,9.094102382659912109e-01,9.094102382659912109e-01,9.156716465950012207e-01,9.094102382659912109e-01,9.094102382659912109e-01,9.094102382659912109e-01,9.094102382659912109e-01,9.094102382659912109e-01,8.513992428779602051e-01,9.094102382659912109e-01,9.094102382659912109e-01,9.094102382659912109e-01,9.094102382659912109e-01,9.054355621337890625e-01,8.826776146888732910e-01,9.094102382659912109e-01,9.094102382659912109e-01,9.094102382659912109e-01,9.089136719703674316e-01,9.094102382659912109e-01,9.094102382659912109e-01,9.094102382659912109e-01,9.130792021751403809e-01,9.094102382659912109e-01,9.094102382659912109e-01,9.094102382659912109e-01,9.094102382659912109e-01,9.094102382659912109e-01,9.094102382659912109e-01,9.094102382659912109e-01,9.094102382659912109e-01,9.094102382659912109e-01,9.094102382659912109e-01,9.094102382659912109e-01,9.133574962615966797e-01,9.094102382659912109e-01,9.094102382659912109e-01,9.094102382659912109e-01,9.094102382659912109e-01,9.094102382659912109e-01,9.094102382659912109e-01,9.094102382659912109e-01,9.109967350959777832e-01,9.094102382659912109e-01,9.094102382659912109e-01,9.094102382659912109e-01,9.127814173698425293e-01,9.094102382659912109e-01,9.094102382659912109e-01,9.094102382659912109e-01,9.146003127098083496e-01,9.094102382659912109e-01,9.094102382659912109e-01,9.094102382659912109e-01,9.094102382659912109e-01,9.094102382659912109e-01,9.094102382659912109e-01,9.094102382659912109e-01,9.094102382659912109e-01,9.094102382659912109e-01,9.094102382659912109e-01,9.094102382659912109e-01,9.128239750862121582e-01,9.094102382659912109e-01,9.094102382659912109e-01,9.094102382659912109e-01,9.041517376899719238e-01,9.094102382659912109e-01,9.244008064270019531e-01,9.094102382659912109e-01,9.199042916297912598e-01,9.094102382659912109e-01,9.094102382659912109e-01,9.094102382659912109e-01,9.094102382659912109e-01,9.094102382659912109e-01,9.094102382659912109e-01,9.094102382659912109e-01,9.094102382659912109e-01,9.094102382659912109e-01,9.094102382659912109e-01,9.094102382659912109e-01,9.089402556419372559e-01,9.241233468055725098e-01,8.888811469078063965e-01,9.094102382659912109e-01,9.428418278694152832e-01,9.251055121421813965e-01,9.116997122764587402e-01,9.094102382659912109e-01,9.148960113525390625e-01,9.203507304191589355e-01,9.035680294036865234e-01,9.094102382659912109e-01,9.094102382659912109e-01,9.094102382659912109e-01,9.094102382659912109e-01,9.094102382659912109e-01,9.094102382659912109e-01,9.094102382659912109e-01,8.497804999351501465e-01,9.094102382659912109e-01,9.114677309989929199e-01,9.066743850708007812e-01,8.375222086906433105e-01,9.094102382659912109e-01,8.845522999763488770e-01,8.399050235748291016e-01,9.098472595214843750e-01
9.996123313903808594e-01,8.444594740867614746e-01,9.139769673347473145e-01,1.000000000000000000e+00,9.996123313903808594e-01,9.156953692436218262e-01,9.999482035636901855e-01,9.998874664306640625e-01,9.986340403556823730e-01,9.849783778190612793e-01,9.996123313903808594e-01,9.996123313903808594e-01,9.996123313903808594e-01,9.983800053596496582e-01,9.996123313903808594e-01,9.996123313903808594e-01,9.996123313903808594e-01,9.996123313903808594e-01,9.996123313903808594e-01,9.996123313903808594e-01,9.996123313903808594e-01,9.938771724700927734e-01,9.996123313903808594e-01,9.996123313903808594e-01,9.996123313903808594e-01,8.506070971488952637e-01,9.996123313903808594e-01,9.996123313903808594e-01,9.996123313903808594e-01,9.975915551185607910e-01,9.996123313903808594e-01,9.996123313903808594e-01,9.996123313903808594e-01,9.991539120674133301e-01,9.996123313903808594e-01,9.996123313903808594e-01,9.996123313903808594e-01,9.996123313903808594e-01,9.996123313903808594e-01,9.762887954711914062e-01,9.996123313903808594e-01,9.996123313903808594e-01,9.996123313903808594e-01,9.996123313903808594e-01,9.983487725257873535e-01,9.627502560615539551e-01,9.996123313903808594e-01,9.996123313903808594e-01,9.996123313903808594e-01,9.995987415313720703e-01,9.996123313903808594e-01,9.996123313903808594e-01,9.996123313903808594e-01,9.975056052207946777e-01,9.996123313903808594e-01,9.996123313903808594e-01,9.996123313903808594e-01,9.996123313903808594e-01,9.996123313903808594e-01,9.996123313903808594e-01,9.996123313903808594e-01,9.996123313903808594e-01,9.996123313903808594e-01,9.996123313903808594e-01,9.996123313903808594e-01,9.975525736808776855e-01,9.996123313903808594e-01,9.996123313903808594e-01,9.996123313903808594e-01,9.996123313903808594e-01,9.996123313903808594e-01,9.996123313903808594e-01,9.996123313903808594e-01,9.993589520454406738e-01,9.996123313903808594e-01,9.996123313903808594e-01,9.996123313903808594e-01,9.990218281745910645e-01,9.996123313903808594e-01,9.996123313903808594e-01,9.996123313903808594e-01,9.978325366973876953e-01,9.996123313903808594e-01,9.996123313903808594e-01,9.996123313903808594e-01,9.996123313903808594e-01,9.996123313903808594e-01,9.996123313903808594e-01,9.996123313903808594e-01,9.996123313903808594e-01,9.996123313903808594e-01,9.996123313903808594e-01,9.996123313903808594e-01,9.988284707069396973e-01,9.996123313903808594e-01,9.996123313903808594e-01,9.996123313903808594e-01,9.983183741569519043e-01,9.996123313903808594e-01,9.896528124809265137e-01,9.996123313903808594e-01,9.990170001983642578e-01,9.996123313903808594e-01,9.996123313903808594e-01,9.996123313903808594e-01,9.996123313903808594e-01,9.996123313903808594e-01,9.996123313903808594e-01,9.996123313903808594e-01,9.996123313903808594e-01,9.996123313903808594e-01,9.996123313903808594e-01,9.996123313903808594e-01,9.996154904365539551e-01,9.976771473884582520e-01,9.787566065788269043e-01,9.996123313903808594e-01,9.646651744842529297e-01,9.779869914054870605e-01,9.990125298500061035e-01,9.996123313903808594e-01,9.997763037681579590e-01,9.994938373565673828e-01,9.975177645683288574e-01,9.996123313903808594e-01,9.996123313903808594e-01,9.996123313903808594e-01,9.996123313903808594e-01,9.996123313903808594e-01,9.996123313903808594e-01,9.996123313903808594e-01,9.734770655632019043e-01,9.996123313903808594e-01,9.997634291648864746e-01,9.487010836601257324e-01,9.633162021636962891e-01,9.996123313903808594e-01,9.812542796134948730e-01,8.828456997871398926e-01,9.996671080589294434e-01
1.000000000000000000e+00,8.468349575996398926e-01,9.094102382659912109e-01,9.996123313903808594e-01,1.000000000000000000e+00,9.150044322013854980e-01,9.994733929634094238e-01,9.992451071739196777e-01,9.992456436157226562e-01,9.879159331321716309e-01,1.000000000000000000e+00,1.000000000000000000e+00,1.000000000000000000e+00,9.991964697837829590e-01,1.000000000000000000e+00,1.000000000000000000e+00,1.000000000000000000e+00,1.000000000000000000e+00,1.000000000000000000e+00,1.000000000000000000e+00,1.000000000000000000e+00,9.949364066123962402e-01,1.000000000000000000e+00,1.000000000000000000e+00,1.000000000000000000e+00,8.444679379463195801e-01,1.000000000000000000e+00,1.000000000000000000e+00,1.000000000000000000e+00,9.981672167778015137e-01,1.000000000000000000e+00,1.000000000000000000e+00,1.000000000000000000e+00,9.992579817771911621e-01,1.000000000000000000e+00,1.000000000000000000e+00,1.000000000000000000e+00,1.000000000000000000e+00,1.000000000000000000e+00,9.771868586540222168e-01,1.000000000000000000e+00,1.000000000000000000e+00,1.000000000000000000e+00,1.000000000000000000e+00,9.990212321281433105e-01,9.642305970191955566e-01,1.000000000000000000e+00,1.000000000000000000e+00,1.000000000000000000e+00,9.999680519104003906e-01,1.000000000000000000e+00,1.000000000000000000e+00,1.000000000000000000e+00,9.984264969825744629e-01,1.000000000000000000e+00,1.000000000000000000e+00,1.000000000000000000e+00,1.000000000000000000e+00,1.000000000000000000e+00,1.000000000000000000e+00,1.000000000000000000e+00,1.000000000000000000e+00,1.000000000000000000e+00,1.000000000000000000e+00,1.000000000000000000e+00,9.975978732109069824e-01,1.000000000000000000e+00,1.000000000000000000e+00,1.000000000000000000e+00,1.000000000000000000e+00,1.000000000000000000e+00,1.000000000000000000e+00,1.000000000000000000e+00,9.995929598808288574e-01,1.000000000000000000e+00,1.000000000000000000e+00,1.000000000000000000e+00,9.992614388465881348e-01,1.000000000000000000e+00,1.000000000000000000e+00,1.000000000000000000e+00,9.979417920112609863e-01,1.000000000000000000e+00,1.000000000000000000e+00,1.000000000000000000e+00,1.000000000000000000e+00,1.000000000000000000e+00,1.000000000000000000e+00,1.000000000000000000e+00,1.000000000000000000e+00,1.000000000000000000e+00,1.000000000000000000e+00,1.000000000000000000e+00,9.988977909088134766e-01,1.000000000000000000e+00,1.000000000000000000e+00,1.000000000000000000e+00,9.993087649345397949e-01,1.000000000000000000e+00,9.869835376739501953e-01,1.000000000000000000e+00,9.988226890563964844e-01,1.000000000000000000e+00,1.000000000000000000e+00,1.000000000000000000e+00,1.000000000000000000e+00,1.000000000000000000e+00,1.000000000000000000e+00,1.000000000000000000e+00,1.000000000000000000e+00,1.000000000000000000e+00,1.000000000000000000e+00,1.000000000000000000e+00,9.999930262565612793e-01,9.970600008964538574e-01,9.815139770507812500e-01,1.000000000000000000e+00,9.622957110404968262e-01,9.744356274604797363e-01,9.994974136352539062e-01,1.000000000000000000e+00,9.996576309204101562e-01,9.986367225646972656e-01,9.967940449714660645e-01,1.000000000000000000e+00,1.000000000000000000e+00,1.000000000000000000e+00,1.000000000000000000e+00,1.000000000000000000e+00,1.000000000000000000e+00,1.000000000000000000e+00,9.739727377891540527e-01,1.000000000000000000e+00,9.996318817138671875e-01,9.445567131042480469e-01,9.633944034576416016e-01,1.000000000000000000e+00,9.802085757255554199e-01,8.844497203826904297e-01,9.999966025352478027e-01
9.150044322013854980e-01,8.016269207000732422e-01,8.367310166358947754e-01,9.156953692436218262e-01,9.150044322013854980e-01,1.000000000000000000e+00,9.170089364051818848e-01,9.149205088615417480e-01,9.104728698730468750e-01,9.018371701240539551e-01,9.150044322013854980e-01,9.150044322013854980e-01,9.150044322013854980e-01,9.140529632568359375e-01,9.150044322013854980e-01,9.150044322013854980e-01,9.150044322013854980e-01,9.150044322013854980e-01,9.150044322013854980e-01,9.150044322013854980e-01,9.150044322013854980e-01,9.016919136047363281e-01,9.150044322013854980e-01,9.150044322013854980e-01,9.150044322013854980e-01,7.618744969367980957e-01,9.150044322013854980e-01,9.150044322013854980e-01,9.150044322013854980e-01,9.134529232978820801e-01,9.150044322013854980e-01,9.150044322013854980e-01,9.150044322013854980e-01,9.097518920898437500e-01,9.150044322013854980e-01,9.150044322013854980e-01,9.150044322013854980e-01,9.150044322013854980e-01,9.150044322013854980e-01,9.122142195701599121e-01,9.150044322013854980e-01,9.150044322013854980e-01,9.150044322013854980e-01,9.150044322013854980e-01,9.150505661964416504e-01,8.944601416587829590e-01,9.150044322013854980e-01,9.150044322013854980e-01,9.150044322013854980e-01,9.156348109245300293e-01,9.150044322013854980e-01,9.150044322013854980e-01,9.150044322013854980e-01,9.183222651481628418e-01,9.150044322013854980e-01,9.150044322013854980e-01,9.150044322013854980e-01,9.150044322013854980e-01,9.150044322013854980e-01,9.150044322013854980e-01,9.150044322013854980e-01,9.150044322013854980e-01,9.150044322013854980e-01,9.150044322013854980e-01,9.150044322013854980e-01,9.170353412628173828e-01,9.150044322013854980e-01,9.150044322013854980e-01,9.150044322013854980e-01,9.150044322013854980e-01,9.150044322013854980e-01,9.150044322013854980e-01,9.150044322013854980e-01,9.168865084648132324e-01,9.150044322013854980e-01,9.150044322013854980e-01,9.150044322013854980e-01,9.156873822212219238e-01,9.150044322013854980e-01,9.150044322013854980e-01,9.150044322013854980e-01,9.179205298423767090e-01,9.150044322013854980e-01,9.150044322013854980e-01,9.150044322013854980e-01,9.150044322013854980e-01,9.150044322013854980e-01,9.150044322013854980e-01,9.150044322013854980e-01,9.150044322013854980e-01,9.150044322013854980e-01,9.150044322013854980e-01,9.150044322013854980e-01,9.169840216636657715e-01,9.150044322013854980e-01,9.150044322013854980e-01,9.150044322013854980e-01,9.135993123054504395e-01,9.150044322013854980e-01,8.992386460304260254e-01,9.150044322013854980e-01,9.208419919013977051e-01,9.150044322013854980e-01,9.150044322013854980e-01,9.150044322013854980e-01,9.150044322013854980e-01,9.150044322013854980e-01,9.150044322013854980e-01,9.150044322013854980e-01,9.150044322013854980e-01,9.150044322013854980e-01,9.150044322013854980e-01,9.150044322013854980e-01,9.152646660804748535e-01,9.132081866264343262e-01,8.838991522789001465e-01,9.150044322013854980e-01,8.853287696838378906e-01,9.223056435585021973e-01,9.134356379508972168e-01,9.150044322013854980e-01,9.164366722106933594e-01,9.159346222877502441e-01,9.104664921760559082e-01,9.150044322013854980e-01,9.150044322013854980e-01,9.150044322013854980e-01,9.150044322013854980e-01,9.150044322013854980e-01,9.150044322013854980e-01,9.150044322013854980e-01,9.247169494628906250e-01,9.150044322013854980e-01,9.153485298156738281e-01,8.617789149284362793e-01,9.153819084167480469e-01,9.150044322013854980e-01,9.266753196716308594e-01,8.402090668678283691e-01,9.148953557014465332e-01
9.994733929634094238e-01,8.431484103202819824e-01,9.150817990303039551e-01,9.999482035636901855e-01,9.994733929634094238e-01,9.170089364051818848e-01,1.000000000000000000e+00,9.998146891593933105e-01,9.983991980552673340e-01,9.846525788307189941e-01,9.994733929634094238e-01,9.994733929634094238e-01,9.994733929634094238e-01,9.982507824897766113e-01,9.994733929634094238e-01,9.994733929634094238e-01,9.994733929634094238e-01,9.994733929634094238e-01,9.994733929634094238e-01,9.994733929634094238e-01,9.994733929634094238e-01,9.935784935951232910e-01,9.994733929634094238e-01,9.994733929634094238e-01,9.994733929634094238e-01,8.516438007354736328e-01,9.994733929634094238e-01,9.994733929634094238e-01,9.994733929634094238e-01,9.975573420524597168e-01,9.994733929634094238e-01,9.994733929634094238e-01,9.994733929634094238e-01,9.989104866981506348e-01,9.994733929634094238e-01,9.994733929634094238e-01,9.994733929634094238e-01,9.994733929634094238e-01,9.994733929634094238e-01,9.758968353271484375e-01,9.994733929634094238e-01,9.994733929634094238e-01,9.994733929634094238e-01,9.994733929634094238e-01,9.980842471122741699e-01,9.629591107368469238e-01,9.994733929634094238e-01,9.994733929634094238e-01,9.994733929634094238e-01,9.994769692420959473e-01,9.994733929634094238e-01,9.994733929634094238e-01,9.994733929634094238e-01,9.974713325500488281e-01,9.994733929634094238e-01,9.994733929634094238e-01,9.994733929634094238e-01,9.994733929634094238e-01,9.994733929634094238e-01,9.994733929634094238e-01,9.994733929634094238e-01,9.994733929634094238e-01,9.994733929634094238e-01,9.994733929634094238e-01,9.994733929634094238e-01,9.976074695587158203e-01,9.994733929634094238e-01,9.994733929634094238e-01,9.994733929634094238e-01,9.994733929634094238e-01,9.994733929634094238e-01,9.994733929634094238e-01,9.994733929634094238e-01,9.993025660514831543e-01,9.994733929634094238e-01,9.994733929634094238e-01,9.994733929634094238e-01,9.989644885063171387e-01,9.994733929634094238e-01,9.994733929634094238e-01,9.994733929634094238e-01,9.978787302970886230e-01,9.994733929634094238e-01,9.994733929634094238e-01,9.994733929634094238e-01,9.994733929634094238e-01,9.994733929634094238e-01,9.994733929634094238e-01,9.994733929634094238e-01,9.994733929634094238e-01,9.994733929634094238e-01,9.994733929634094238e-01,9.994733929634094238e-01,9.988155364990234375e-01,9.994733929634094238e-01,9.994733929634094238e-01,9.994733929634094238e-01,9.980280995368957520e-01,9.994733929634094238e-01,9.896121025085449219e-01,9.994733929634094238e-01,9.991636276245117188e-01,9.994733929634094238e-01,9.994733929634094238e-01,9.994733929634094238e-01,9.994733929634094238e-01,9.994733929634094238e-01,9.994733929634094238e-01,9.994733929634094238e-01,9.994733929634094238e-01,9.994733929634094238e-01,9.994733929634094238e-01,9.994733929634094238e-01,9.994799494743347168e-01,9.978768229484558105e-01,9.779904484748840332e-01,9.994733929634094238e-01,9.657875895500183105e-01,9.789883494377136230e-01,9.988853335380554199e-01,9.994733929634094238e-01,9.997704625129699707e-01,9.995374083518981934e-01,9.974498152732849121e-01,9.994733929634094238e-01,9.994733929634094238e-01,9.994733929634094238e-01,9.994733929634094238e-01,9.994733929634094238e-01,9.994733929634094238e-01,9.994733929634094238e-01,9.735404849052429199e-01,9.994733929634094238e-01,9.996659159660339355e-01,9.489014744758605957e-01,9.633620381355285645e-01,9.994733929634094238e-01,9.817641377449035645e-01,8.816540837287902832e-01,9.995300173759460449e-01
9.992451071739196777e-01,8.459365367889404297e-01,9.136759638786315918e-01,9.998874664306640625e-01,9.992451071739196777e-01,9.149205088615417480e-01,9.998146891593933105e-01,1.000000000000000000e+00,9.984428286552429199e-01,9.835514426231384277e-01,9.992451071739196777e-01,9.992451071739196777e-01,9.992451071739196777e-01,9.977405667304992676e-01,9.992451071739196777e-01,9.992451071739196777e-01,9.992451071739196777e-01,9.992451071739196777e-01,9.992451071739196777e-01,9.992451071739196777e-01,9.992451071739196777e-01,9.928221106529235840e-01,9.992451071739196777e-01,9.992451071739196777e-01,9.992451071739196777e-01,8.533689379692077637e-01,9.992451071739196777e-01,9.992451071739196777e-01,9.992451071739196777e-01,9.969484210014343262e-01,9.992451071739196777e-01,9.992451071739196777e-01,9.992451071739196777e-01,9.988186955451965332e-01,9.992451071739196777e-01,9.992451071739196777e-01,9.992451071739196777e-01,9.992451071739196777e-01,9.992451071739196777e-01,9.762249588966369629e-01,9.992451071739196777e-01,9.992451071739196777e-01,9.992451071739196777e-01,9.992451071739196777e-01,9.979359507560729980e-01,9.627158045768737793e-01,9.992451071739196777e-01,9.992451071739196777e-01,9.992451071739196777e-01,9.992483258247375488e-01,9.992451071739196777e-01,9.992451071739196777e-01,9.992451071739196777e-01,9.966279864311218262e-01,9.992451071739196777e-01,9.992451071739196777e-01,9.992451071739196777e-01,9.992451071739196777e-01,9.992451071739196777e-01,9.992451071739196777e-01,9.992451071739196777e-01,9.992451071739196777e-01,9.992451071739196777e-01,9.992451071739196777e-01,9.992451071739196777e-01,9.971808791160583496e-01,9.992451071739196777e-01,9.992451071739196777e-01,9.992451071739196777e-01,9.992451071739196777e-01,9.992451071739196777e-01,9.992451071739196777e-01,9.992451071739196777e-01,9.989894032478332520e-01,9.992451071739196777e-01,9.992451071739196777e-01,9.992451071739196777e-01,9.986127018928527832e-01,9.992451071739196777e-01,9.992451071739196777e-01,9.992451071739196777e-01,9.973795413970947266e-01,9.992451071739196777e-01,9.992451071739196777e-01,9.992451071739196777e-01,9.992451071739196777e-01,9.992451071739196777e-01,9.992451071739196777e-01,9.992451071739196777e-01,9.992451071739196777e-01,9.992451071739196777e-01,9.992451071739196777e-01,9.992451071739196777e-01,9.984622597694396973e-01,9.992451071739196777e-01,9.992451071739196777e-01,9.992451071739196777e-01,9.978070259094238281e-01,9.992451071739196777e-01,9.904525876045227051e-01,9.992451071739196777e-01,9.985928535461425781e-01,9.992451071739196777e-01,9.992451071739196777e-01,9.992451071739196777e-01,9.992451071739196777e-01,9.992451071739196777e-01,9.992451071739196777e-01,9.992451071739196777e-01,9.992451071739196777e-01,9.992451071739196777e-01,9.992451071739196777e-01,9.992451071739196777e-01,9.992612004280090332e-01,9.975261688232421875e-01,9.781339764595031738e-01,9.992451071739196777e-01,9.646664261817932129e-01,9.777540564537048340e-01,9.985177516937255859e-01,9.992451071739196777e-01,9.995303153991699219e-01,9.994513392448425293e-01,9.978281855583190918e-01,9.992451071739196777e-01,9.992451071739196777e-01,9.992451071739196777e-01,9.992451071739196777e-01,9.992451071739196777e-01,9.992451071739196777e-01,9.992451071739196777e-01,9.737895131111145020e-01,9.992451071739196777e-01,9.995567202568054199e-01,9.489418864250183105e-01,9.636142849922180176e-01,9.992451071739196777e-01,9.813769459724426270e-01,8.808982968330383301e-01,9.993226528167724609e-01
9.992456436157226562e-01,8.484160900115966797e-01,9.020784497261047363e-01,9.986340403556823730e-01,9.992456436157226562e-01,9.104728698730468750e-01,9.983991980552673340e-01,9.984428286552429199e-01,1.000000000000000000e+00,9.856376647949218750e-01,9.992456436157226562e-01,9.992456436157226562e-01,9.992456436157226562e-01,9.979522824287414551e-01,9.992456436157226562e-01,9.992456436157226562e-01,9.992456436157226562e-01,9.992456436157226562e-01,9.992456436157226562e-01,9.992456436157226562e-01,9.992456436157226562e-01,9.933131337165832520e-01,9.992456436157226562e-01,9.992456436157226562e-01,9.992456436157226562e-01,8.472905755043029785e-01,9.992456436157226562e-01,9.992456436157226562e-01,9.992456436157226562e-01,9.963903427124023438e-01,9.992456436157226562e-01,9.992456436157226562e-01,9.992456436157226562e-01,9.983589053153991699e-01,9.992456436157226562e-01,9.992456436157226562e-01,9.992456436157226562e-01,9.992456436157226562e-01,9.992456436157226562e-01,9.793520569801330566e-01,9.992456436157226562e-01,9.992456436157226562e-01,9.992456436157226562e-01,9.992456436157226562e-01,9.978154301643371582e-01,9.666624069213867188e-01,9.992456436157226562e-01,9.992456436157226562e-01,9.992456436157226562e-01,9.992429614067077637e-01,9.992456436157226562e-01,9.992456436157226562e-01,9.992456436157226562e-01,9.963776469230651855e-01,9.992456436157226562e-01,9.992456436157226562e-01,9.992456436157226562e-01,9.992456436157226562e-01,9.992456436157226562e-01,9.992456436157226562e-01,9.992456436157226562e-01,9.992456436157226562e-01,9.992456436157226562e-01,9.992456436157226562e-01,9.992456436157226562e-01,9.960865974426269531e-01,9.992456436157226562e-01,9.992456436157226562e-01,9.992456436157226562e-01,9.992456436157226562e-01,9.992456436157226562e-01,9.992456436157226562e-01,9.992456436157226562e-01,9.986023306846618652e-01,9.992456436157226562e-01,9.992456436157226562e-01,9.992456436157226562e-01,9.981306195259094238e-01,9.992456436157226562e-01,9.992456436157226562e-01,9.992456436157226562e-01,9.962120056152343750e-01,9.992456436157226562e-01,9.992456436157226562e-01,9.992456436157226562e-01,9.992456436157226562e-01,9.992456436157226562e-01,9.992456436157226562e-01,9.992456436157226562e-01,9.992456436157226562e-01,9.992456436157226562e-01,9.992456436157226562e-01,9.992456436157226562e-01,9.973456859588623047e-01,9.992456436157226562e-01,9.992456436157226562e-01,9.992456436157226562e-01,9.993627071380615234e-01,9.992456436157226562e-01,9.864801764488220215e-01,9.992456436157226562e-01,9.971191287040710449e-01,9.992456436157226562e-01,9.992456436157226562e-01,9.992456436157226562e-01,9.992456436157226562e-01,9.992456436157226562e-01,9.992456436157226562e-01,9.992456436157226562e-01,9.992456436157226562e-01,9.992456436157226562e-01,9.992456436157226562e-01,9.992456436157226562e-01,9.992620944976806641e-01,9.959101676940917969e-01,9.829284548759460449e-01,9.992456436157226562e-01,9.575303196907043457e-01,9.686674475669860840e-01,9.985293745994567871e-01,9.992456436157226562e-01,9.988080859184265137e-01,9.976069927215576172e-01,9.973394870758056641e-01,9.992456436157226562e-01,9.992456436157226562e-01,9.992456436157226562e-01,9.992456436157226562e-01,9.992456436157226562e-01,9.992456436157226562e-01,9.992456436157226562e-01,9.749448895454406738e-01,9.992456436157226562e-01,9.989783167839050293e-01,9.415612816810607910e-01,9.642204642295837402e-01,9.992456436157226562e-01,9.777798056602478027e-01,8.796332478523254395e-01,9.992439746856689453e-01
9.879159331321716309e-01,8.454902172088623047e-01,9.027829766273498535e-01,9.849783778190612793e-01,9.879159331321716309e-01,9.018371701240539551e-01,9.846525788307189941e-01,9.835514426231384277e-01,9.856376647949218750e-01,1.000000000000000000e+00,9.879159331321716309e-01,9.879159331321716309e-01,9.879159331321716309e-01,9.925745129585266113e-01,9.879159331321716309e-01,9.879159331321716309e-01,9.879159331321716309e-01,9.879159331321716309e-01,9.879159331321716309e-01,9.879159331321716309e-01,9.879159331321716309e-01,9.909726977348327637e-01,9.879159331321716309e-01,9.879159331321716309e-01,9.879159331321716309e-01,8.115441799163818359e-01,9.879159331321716309e-01,9.879159331321716309e-01,9.879159331321716309e-01,9.916587471961975098e-01,9.879159331321716309e-01,9.879159331321716309e-01,9.879159331321716309e-01,9.879632592201232910e-01,9.879159331321716309e-01,9.879159331321716309e-01,9.879159331321716309e-01,9.879159331321716309e-01,9.879159331321716309e-01,9.530305862426757812e-01,9.879159331321716309e-01,9.879159331321716309e-01,9.879159331321716309e-01,9.879159331321716309e-01,9.898050427436828613e-01,9.647948145866394043e-01,9.879159331321716309e-01,9.879159331321716309e-01,9.879159331321716309e-01,9.875951409339904785e-01,9.879159331321716309e-01,9.879159331321716309e-01,9.879159331321716309e-01,9.918587803840637207e-01,9.879159331321716309e-01,9.879159331321716309e-01,9.879159331321716309e-01,9.879159331321716309e-01,9.879159331321716309e-01,9.879159331321716309e-01,9.879159331321716309e-01,9.879159331321716309e-01,9.879159331321716309e-01,9.879159331321716309e-01,9.879159331321716309e-01,9.859953522682189941e-01,9.879159331321716309e-01,9.879159331321716309e-01,9.879159331321716309e-01,9.879159331321716309e-01,9.879159331321716309e-01,9.879159331321716309e-01,9.879159331321716309e-01,9.874590039253234863e-01,9.879159331321716309e-01,9.879159331321716309e-01,9.879159331321716309e-01,9.877141118049621582e-01,9.879159331321716309e-01,9.879159331321716309e-01,9.879159331321716309e-01,9.872671961784362793e-01,9.879159331321716309e-01,9.879159331321716309e-01,9.879159331321716309e-01,9.879159331321716309e-01,9.879159331321716309e-01,9.879159331321716309e-01,9.879159331321716309e-01,9.879159331321716309e-01,9.879159331321716309e-01,9.879159331321716309e-01,9.879159331321716309e-01,9.876590371131896973e-01,9.879159331321716309e-01,9.879159331321716309e-01,9.879159331321716309e-01,9.885391592979431152e-01,9.879159331321716309e-01,9.612987041473388672e-01,9.879159331321716309e-01,9.864959716796875000e-01,9.879159331321716309e-01,9.879159331321716309e-01,9.879159331321716309e-01,9.879159331321716309e-01,9.879159331321716309e-01,9.879159331321716309e-01,9.879159331321716309e-01,9.879159331321716309e-01,9.879159331321716309e-01,9.879159331321716309e-01,9.879159331321716309e-01,9.876687526702880859e-01,9.815196990966796875e-01,9.867441058158874512e-01,9.879159331321716309e-01,9.600668549537658691e-01,9.574052691459655762e-01,9.890908598899841309e-01,9.879159331321716309e-01,9.858450889587402344e-01,9.821897149085998535e-01,9.759187698364257812e-01,9.879159331321716309e-01,9.879159331321716309e-01,9.879159331321716309e-01,9.879159331321716309e-01,9.879159331321716309e-01,9.879159331321716309e-01,9.879159331321716309e-01,9.522536396980285645e-01,9.879159331321716309e-01,9.841022491455078125e-01,9.229072928428649902e-01,9.394920468330383301e-01,9.879159331321716309e-01,9.569346904754638672e-01,8.877666592597961426e-01,9.877162575721740723e-01
1.000000000000000000e+00,8.468349575996398926e-01,9.094102382659912109e-01,9.996123313903808594e-01,1.000000000000000000e+00,9.150044322013854980e-01,9.994733929634094238e-01,9.992451071739196777e-01,9.992456436157226562e-01,9.879159331321716309e-01,1.000000000000000000e+00,1.000000000000000000e+00,1.000000000000000000e+00,9.991964697837829590e-01,1.000000000000000000e+00,1.000000000000000000e+00,1.000000000000000000e+00,1.000000000000000000e+00,1.000000000000000000e+00,1.000000000000000000e+00,1.000000000000000000e+00,9.949364066123962402e-01,1.000000000000000000e+00,1.000000000000000000e+00,1.000000000000000000e+00,8.444679379463195801e-01,1.000000000000000000e+00,1.000000000000000000e+00,1.000000000000000000e+00,9.981672167778015137e-01,1.000000000000000000e+00,1.000000000000000000e+00,1.000000000000000000e+00,9.992579817771911621e-01,1.000000000000000000e+00,1.000000000000000000e+00,1.000000000000000000e+00,1.000000000000000000e+00,1.000000000000000000e+00,9.771868586540222168e-01,1.000000000000000000e+00,1.000000000000000000e+00,1.000000000000000000e+00,1.000000000000000000e+00,9.990212321281433105e-01,9.642305970191955566e-01,1.000000000000000000e+00,1.000000000000000000e+00,1.000000000000000000e+00,9.999680519104003906e-01,1.000000000000000000e+00,1.000000000000000000e+00,1.000000000000000000e+00,9.984264969825744629e-01,1.000000000000000000e+00,1.000000000000000000e+00,1.000000000000000000e+00,1.000000000000000000e+00,1.000000000000000000e+00,1.000000000000000000e+00,1.000000000000000000e+00,1.000000000000000000e+00,1.000000000000000000e+00,1.000000000000000000e+00,1.000000000000000000e+00,9.975978732109069824e-01,1.000000000000000000e+00,1.000000000000000000e+00,1.000000000000000000e+00,1.000000000000000000e+00,1.000000000000000000e+00,1.000000000000000000e+00,1.000000000000000000e+00,9.995929598808288574e-01,1.000000000000000000e+00,1.000000000000000000e+00,1.000000000000000000e+00,9.992614388465881348e-01,1.000000000000000000e+00,1.000000000000000000e+00,1.000000000000000000e+00,9.979417920112609863e-01,1.000000000000000000e+00,1.000000000000000000e+00,1.000000000000000000e+00,1.000000000000000000e+00,1.000000000000000000e+00,1.000000000000000000e+00,1.000000000000000000e+00,1.000000000000000000e+00,1.000000000000000000e+00,1.000000000000000000e+00,1.000000000000000000e+00,9.988977909088134766e-01,1.000000000000000000e+00,1.000000000000000000e+00,1.000000000000000000e+00,9.993087649345397949e-01,1.000000000000000000e+00,9.869835376739501953e-01,1.000000000000000000e+00,9.988226890563964844e-01,1.000000000000000000e+00,1.000000000000000000e+00,1.000000000000000000e+00,1.000000000000000000e+00,1.000000000000000000e+00,1.000000000000000000e+00,1.000000000000000000e+00,1.000000000000000000e+00,1.000000000000000000e+00,1.000000000000000000e+00,1.000000000000000000e+00,9.999930262565612793e-01,9.970600008964538574e-01,9.815139770507812500e-01,1.000000000000000000e+00,9.622957110404968262e-01,9.744356274604797363e-01,9.994974136352539062e-01,1.000000000000000000e+00,9.996576309204101562e-01,9.986367225646972656e-01,9.967940449714660645e-01,1.000000000000000000e+00,1.000000000000000000e+00,1.000000000000000000e+00,1.000000000000000000e+00,1.000000000000000000e+00,1.000000000000000000e+00,1.000000000000000000e+00,9.739727377891540527e-01,1.000000000000000000e+00,9.996318817138671875e-01,9.445567131042480469e-01,9.633944034576416016e-01,1.000000000000000000e+00,9.802085757255554199e-01,8.844497203826904297e-01,9.999966025352478027e-01
