1.000000000000000000e+00,8.544923663139343262e-01,9.719896912574768066e-01,9.643622040748596191e-01,1.000000000000000000e+00,7.876955866813659668e-01,1.000000000000000000e+00,9.997805953025817871e-01,9.972009658813476562e-01,9.986574649810791016e-01,1.000000000000000000e+00,1.000000000000000000e+00,1.000000000000000000e+00,9.993711113929748535e-01,1.000000000000000000e+00,1.000000000000000000e+00,1.000000000000000000e+00,1.000000000000000000e+00,1.000000000000000000e+00,1.000000000000000000e+00,1.000000000000000000e+00,9.788441658020019531e-01,1.000000000000000000e+00,1.000000000000000000e+00,9.999669194221496582e-01,9.531895518302917480e-01,1.000000000000000000e+00,1.000000000000000000e+00,1.000000000000000000e+00,9.977202415466308594e-01,1.000000000000000000e+00,1.000000000000000000e+00,1.000000000000000000e+00,9.998950362205505371e-01,1.000000000000000000e+00,1.000000000000000000e+00,1.000000000000000000e+00,1.000000000000000000e+00,1.000000000000000000e+00,1.000000000000000000e+00,1.000000000000000000e+00,1.000000000000000000e+00,1.000000000000000000e+00,1.000000000000000000e+00,1.000000000000000000e+00,9.444012641906738281e-01,1.000000000000000000e+00,1.000000000000000000e+00,1.000000000000000000e+00,9.966492652893066406e-01,1.000000000000000000e+00,1.000000000000000000e+00,1.000000000000000000e+00,9.992631077766418457e-01,1.000000000000000000e+00,1.000000000000000000e+00,1.000000000000000000e+00,1.000000000000000000e+00,1.000000000000000000e+00,1.000000000000000000e+00,1.000000000000000000e+00,1.000000000000000000e+00,1.000000000000000000e+00,1.000000000000000000e+00,1.000000000000000000e+00,9.578785300254821777e-01,1.000000000000000000e+00,1.000000000000000000e+00,1.000000000000000000e+00,9.994642138481140137e-01,1.000000000000000000e+00,1.000000000000000000e+00,1.000000000000000000e+00,9.998533725738525391e-01,1.000000000000000000e+00,1.000000000000000000e+00,1.000000000000000000e+00,1.000000000000000000e+00,1.000000000000000000e+00,1.000000000000000000e+00,1.000000000000000000e+00,1.000000000000000000e+00,1.000000000000000000e+00,1.000000000000000000e+00,1.000000000000000000e+00,9.917693138122558594e-01,1.000000000000000000e+00,1.000000000000000000e+00,1.000000000000000000e+00,1.000000000000000000e+00,1.000000000000000000e+00,1.000000000000000000e+00,1.000000000000000000e+00,9.999070167541503906e-01,1.000000000000000000e+00,1.000000000000000000e+00,1.000000000000000000e+00,9.995284080505371094e-01,1.000000000000000000e+00,1.000000000000000000e+00,1.000000000000000000e+00,1.000000000000000000e+00,1.000000000000000000e+00,1.000000000000000000e+00,1.000000000000000000e+00,9.976163506507873535e-01,1.000000000000000000e+00,1.000000000000000000e+00,1.000000000000000000e+00,1.000000000000000000e+00,1.000000000000000000e+00,1.000000000000000000e+00,1.000000000000000000e+00,9.869995117187500000e-01,9.990873932838439941e-01,9.961050152778625488e-01,1.000000000000000000e+00,9.877727627754211426e-01,1.000000000000000000e+00,1.000000000000000000e+00,1.000000000000000000e+00,1.000000000000000000e+00,1.000000000000000000e+00,1.000000000000000000e+00,1.000000000000000000e+00,1.000000000000000000e+00,1.000000000000000000e+00,1.000000000000000000e+00,1.000000000000000000e+00,1.000000000000000000e+00,1.000000000000000000e+00,9.023652076721191406e-01,1.000000000000000000e+00,8.895007967948913574e-01,8.801755905151367188e-01,8.026123046875000000e-01,1.000000000000000000e+00,9.815411567687988281e-01,1.000000000000000000e+00,1.000000000000000000e+00
8.544923663139343262e-01,1.000000000000000000e+00,8.689119219779968262e-01,8.069903850555419922e-01,8.544923663139343262e-01,6.703212261199951172e-01,8.544923663139343262e-01,8.507900834083557129e-01,8.792778849601745605e-01,8.453237414360046387e-01,8.544923663139343262e-01,8.544923663139343262e-01,8.544923663139343262e-01,8.654467463493347168e-01,8.544923663139343262e-01,8.544923663139343262e-01,8.544923663139343262e-01,8.544923663139343262e-01,8.544923663139343262e-01,8.544923663139343262e-01,8.544923663139343262e-01,8.059913516044616699e-01,8.544923663139343262e-01,8.544923663139343262e-01,8.537209630012512207e-01,9.052243232727050781e-01,8.544923663139343262e-01,8.544923663139343262e-01,8.544923663139343262e-01,8.434759974479675293e-01,8.544923663139343262e-01,8.544923663139343262e-01,8.544923663139343262e-01,8.526272177696228027e-01,8.544923663139343262e-01,8.544923663139343262e-01,8.544923663139343262e-01,8.544923663139343262e-01,8.544923663139343262e-01,8.544923663139343262e-01,8.544923663139343262e-01,8.544923663139343262e-01,8.544923663139343262e-01,8.544923663139343262e-01,8.544923663139343262e-01,8.956276774406433105e-01,8.544923663139343262e-01,8.544923663139343262e-01,8.544923663139343262e-01,8.338535428047180176e-01,8.544923663139343262e-01,8.544923663139343262e-01,8.544923663139343262e-01,8.458194732666015625e-01,8.544923663139343262e-01,8.544923663139343262e-01,8.544923663139343262e-01,8.544923663139343262e-01,8.544923663139343262e-01,8.544923663139343262e-01,8.544923663139343262e-01,8.544923663139343262e-01,8.544923663139343262e-01,8.544923663139343262e-01,8.544923663139343262e-01,8.313362002372741699e-01,8.544923663139343262e-01,8.544923663139343262e-01,8.544923663139343262e-01,8.519679903984069824e-01,8.544923663139343262e-01,8.544923663139343262e-01,8.544923663139343262e-01,8.532772660255432129e-01,8.544923663139343262e-01,8.544923663139343262e-01,8.544923663139343262e-01,8.544923663139343262e-01,8.544923663139343262e-01,8.544923663139343262e-01,8.544923663139343262e-01,8.544923663139343262e-01,8.544923663139343262e-01,8.544923663139343262e-01,8.544923663139343262e-01,8.347709774971008301e-01,8.544923663139343262e-01,8.544923663139343262e-01,8.544923663139343262e-01,8.544923663139343262e-01,8.544923663139343262e-01,8.544923663139343262e-01,8.544923663139343262e-01,8.541449904441833496e-01,8.544923663139343262e-01,8.544923663139343262e-01,8.544923663139343262e-01,8.541114926338195801e-01,8.544923663139343262e-01,8.544923663139343262e-01,8.544923663139343262e-01,8.544923663139343262e-01,8.544923663139343262e-01,8.544923663139343262e-01,8.544923663139343262e-01,8.384518027305603027e-01,8.544923663139343262e-01,8.544923663139343262e-01,8.544923663139343262e-01,8.544923663139343262e-01,8.544923663139343262e-01,8.544923663139343262e-01,8.544923663139343262e-01,8.219960331916809082e-01,8.391165137290954590e-01,8.724552989006042480e-01,8.544923663139343262e-01,8.259534239768981934e-01,8.544923663139343262e-01,8.544923663139343262e-01,8.544923663139343262e-01,8.544923663139343262e-01,8.544923663139343262e-01,8.544923663139343262e-01,8.544923663139343262e-01,8.544923663139343262e-01,8.544923663139343262e-01,8.544923663139343262e-01,8.544923663139343262e-01,8.544923663139343262e-01,8.544923663139343262e-01,9.304168224334716797e-01,8.544923663139343262e-01,6.826213002204895020e-01,7.479591965675354004e-01,6.787839531898498535e-01,8.544923663139343262e-01,7.693657875061035156e-01,8.544923663139343262e-01,8.544923663139343262e-01
9.719896912574768066e-01,8.689119219779968262e-01,1.000000000000000000e+00,9.160244464874267578e-01,9.719896912574768066e-01,8.026279807090759277e-01,9.719896912574768066e-01,9.721035957336425781e-01,9.722332954406738281e-01,9.720357060432434082e-01,9.719896912574768066e-01,9.719896912574768066e-01,9.719896912574768066e-01,9.715641140937805176e-01,9.719896912574768066e-01,9.719896912574768066e-01,9.719896912574768066e-01,9.719896912574768066e-01,9.719896912574768066e-01,9.719896912574768066e-01,9.719896912574768066e-01,9.423453807830810547e-01,9.719896912574768066e-01,9.719896912574768066e-01,9.712684154510498047e-01,9.431006908416748047e-01,9.719896912574768066e-01,9.719896912574768066e-01,9.719896912574768066e-01,9.733660221099853516e-01,9.719896912574768066e-01,9.719896912574768066e-01,9.719896912574768066e-01,9.724075794219970703e-01,9.719896912574768066e-01,9.719896912574768066e-01,9.719896912574768066e-01,9.719896912574768066e-01,9.719896912574768066e-01,9.719896912574768066e-01,9.719896912574768066e-01,9.719896912574768066e-01,9.719896912574768066e-01,9.719896912574768066e-01,9.719896912574768066e-01,9.317040443420410156e-01,9.719896912574768066e-01,9.719896912574768066e-01,9.719896912574768066e-01,9.686643481254577637e-01,9.719896912574768066e-01,9.719896912574768066e-01,9.719896912574768066e-01,9.718001484870910645e-01,9.719896912574768066e-01,9.719896912574768066e-01,9.719896912574768066e-01,9.719896912574768066e-01,9.719896912574768066e-01,9.719896912574768066e-01,9.719896912574768066e-01,9.719896912574768066e-01,9.719896912574768066e-01,9.719896912574768066e-01,9.719896912574768066e-01,9.408592581748962402e-01,9.719896912574768066e-01,9.719896912574768066e-01,9.719896912574768066e-01,9.708645939826965332e-01,9.719896912574768066e-01,9.719896912574768066e-01,9.719896912574768066e-01,9.720476269721984863e-01,9.719896912574768066e-01,9.719896912574768066e-01,9.719896912574768066e-01,9.719896912574768066e-01,9.719896912574768066e-01,9.719896912574768066e-01,9.719896912574768066e-01,9.719896912574768066e-01,9.719896912574768066e-01,9.719896912574768066e-01,9.719896912574768066e-01,9.666328430175781250e-01,9.719896912574768066e-01,9.719896912574768066e-01,9.719896912574768066e-01,9.719896912574768066e-01,9.719896912574768066e-01,9.719896912574768066e-01,9.719896912574768066e-01,9.717010855674743652e-01,9.719896912574768066e-01,9.719896912574768066e-01,9.719896912574768066e-01,9.712581634521484375e-01,9.719896912574768066e-01,9.719896912574768066e-01,9.719896912574768066e-01,9.719896912574768066e-01,9.719896912574768066e-01,9.719896912574768066e-01,9.719896912574768066e-01,9.607927203178405762e-01,9.719896912574768066e-01,9.719896912574768066e-01,9.719896912574768066e-01,9.719896912574768066e-01,9.719896912574768066e-01,9.719896912574768066e-01,9.719896912574768066e-01,9.607995152473449707e-01,9.659262299537658691e-01,9.638007283210754395e-01,9.719896912574768066e-01,9.663171768188476562e-01,9.719896912574768066e-01,9.719896912574768066e-01,9.719896912574768066e-01,9.719896912574768066e-01,9.719896912574768066e-01,9.719896912574768066e-01,9.719896912574768066e-01,9.719896912574768066e-01,9.719896912574768066e-01,9.719896912574768066e-01,9.719896912574768066e-01,9.719896912574768066e-01,9.719896912574768066e-01,9.124009609222412109e-01,9.719896912574768066e-01,8.001130223274230957e-01,9.028915762901306152e-01,7.946768403053283691e-01,9.719896912574768066e-01,9.310838580131530762e-01,9.719896912574768066e-01,9.719896912574768066e-01
9.643622040748596191e-01,8.069903850555419922e-01,9.160244464874267578e-01,1.000000000000000000e+00,9.643622040748596191e-01,7.553538680076599121e-01,9.643622040748596191e-01,9.650751948356628418e-01,9.536928534507751465e-01,9.650611877441406250e-01,9.643622040748596191e-01,9.643622040748596191e-01,9.643622040748596191e-01,9.608929157257080078e-01,9.643622040748596191e-01,9.643622040748596191e-01,9.643622040748596191e-01,9.643622040748596191e-01,9.643622040748596191e-01,9.643622040748596191e-01,9.643622040748596191e-01,9.480814337730407715e-01,9.643622040748596191e-01,9.643622040748596191e-01,9.648346304893493652e-01,9.042911529541015625e-01,9.643622040748596191e-01,9.643622040748596191e-01,9.643622040748596191e-01,9.619903564453125000e-01,9.643622040748596191e-01,9.643622040748596191e-01,9.643622040748596191e-01,9.643369317054748535e-01,9.643622040748596191e-01,9.643622040748596191e-01,9.643622040748596191e-01,9.643622040748596191e-01,9.643622040748596191e-01,9.643622040748596191e-01,9.643622040748596191e-01,9.643622040748596191e-01,9.643622040748596191e-01,9.643622040748596191e-01,9.643622040748596191e-01,9.096700549125671387e-01,9.643622040748596191e-01,9.643622040748596191e-01,9.643622040748596191e-01,9.615061879158020020e-01,9.643622040748596191e-01,9.643622040748596191e-01,9.643622040748596191e-01,9.644141793251037598e-01,9.643622040748596191e-01,9.643622040748596191e-01,9.643622040748596191e-01,9.643622040748596191e-01,9.643622040748596191e-01,9.643622040748596191e-01,9.643622040748596191e-01,9.643622040748596191e-01,9.643622040748596191e-01,9.643622040748596191e-01,9.643622040748596191e-01,9.382472038269042969e-01,9.643622040748596191e-01,9.643622040748596191e-01,9.643622040748596191e-01,9.627890586853027344e-01,9.643622040748596191e-01,9.643622040748596191e-01,9.643622040748596191e-01,9.636695384979248047e-01,9.643622040748596191e-01,9.643622040748596191e-01,9.643622040748596191e-01,9.643622040748596191e-01,9.643622040748596191e-01,9.643622040748596191e-01,9.643622040748596191e-01,9.643622040748596191e-01,9.643622040748596191e-01,9.643622040748596191e-01,9.643622040748596191e-01,9.538416862487792969e-01,9.643622040748596191e-01,9.643622040748596191e-01,9.643622040748596191e-01,9.643622040748596191e-01,9.643622040748596191e-01,9.643622040748596191e-01,9.643622040748596191e-01,9.636844992637634277e-01,9.643622040748596191e-01,9.643622040748596191e-01,9.643622040748596191e-01,9.626121520996093750e-01,9.643622040748596191e-01,9.643622040748596191e-01,9.643622040748596191e-01,9.643622040748596191e-01,9.643622040748596191e-01,9.643622040748596191e-01,9.643622040748596191e-01,9.649904370307922363e-01,9.643622040748596191e-01,9.643622040748596191e-01,9.643622040748596191e-01,9.643622040748596191e-01,9.643622040748596191e-01,9.643622040748596191e-01,9.643622040748596191e-01,9.491939544677734375e-01,9.672651886940002441e-01,9.602244496345520020e-01,9.643622040748596191e-01,9.493098855018615723e-01,9.643622040748596191e-01,9.643622040748596191e-01,9.643622040748596191e-01,9.643622040748596191e-01,9.643622040748596191e-01,9.643622040748596191e-01,9.643622040748596191e-01,9.643622040748596191e-01,9.643622040748596191e-01,9.643622040748596191e-01,9.643622040748596191e-01,9.643622040748596191e-01,9.643622040748596191e-01,8.419656157493591309e-01,9.643622040748596191e-01,8.899257183074951172e-01,8.428106904029846191e-01,8.234475255012512207e-01,9.643622040748596191e-01,9.584280848503112793e-01,9.643622040748596191e-01,9.643622040748596191e-01
1.000000000000000000e+00,8.544923663139343262e-01,9.719896912574768066e-01,9.643622040748596191e-01,1.000000000000000000e+00,7.876955866813659668e-01,1.000000000000000000e+00,9.997805953025817871e-01,9.972009658813476562e-01,9.986574649810791016e-01,1.000000000000000000e+00,1.000000000000000000e+00,1.000000000000000000e+00,9.993711113929748535e-01,1.000000000000000000e+00,1.000000000000000000e+00,1.000000000000000000e+00,1.000000000000000000e+00,1.000000000000000000e+00,1.000000000000000000e+00,1.000000000000000000e+00,9.788441658020019531e-01,1.000000000000000000e+00,1.000000000000000000e+00,9.999669194221496582e-01,9.531895518302917480e-01,1.000000000000000000e+00,1.000000000000000000e+00,1.000000000000000000e+00,9.977202415466308594e-01,1.000000000000000000e+00,1.000000000000000000e+00,1.000000000000000000e+00,9.998950362205505371e-01,1.000000000000000000e+00,1.000000000000000000e+00,1.000000000000000000e+00,1.000000000000000000e+00,1.000000000000000000e+00,1.000000000000000000e+00,1.000000000000000000e+00,1.000000000000000000e+00,1.000000000000000000e+00,1.000000000000000000e+00,1.000000000000000000e+00,9.444012641906738281e-01,1.000000000000000000e+00,1.000000000000000000e+00,1.000000000000000000e+00,9.966492652893066406e-01,1.000000000000000000e+00,1.000000000000000000e+00,1.000000000000000000e+00,9.992631077766418457e-01,1.000000000000000000e+00,1.000000000000000000e+00,1.000000000000000000e+00,1.000000000000000000e+00,1.000000000000000000e+00,1.000000000000000000e+00,1.000000000000000000e+00,1.000000000000000000e+00,1.000000000000000000e+00,1.000000000000000000e+00,1.000000000000000000e+00,9.578785300254821777e-01,1.000000000000000000e+00,1.000000000000000000e+00,1.000000000000000000e+00,9.994642138481140137e-01,1.000000000000000000e+00,1.000000000000000000e+00,1.000000000000000000e+00,9.998533725738525391e-01,1.000000000000000000e+00,1.000000000000000000e+00,1.000000000000000000e+00,1.000000000000000000e+00,1.000000000000000000e+00,1.000000000000000000e+00,1.000000000000000000e+00,1.000000000000000000e+00,1.000000000000000000e+00,1.000000000000000000e+00,1.000000000000000000e+00,9.917693138122558594e-01,1.000000000000000000e+00,1.000000000000000000e+00,1.000000000000000000e+00,1.000000000000000000e+00,1.000000000000000000e+00,1.000000000000000000e+00,1.000000000000000000e+00,9.999070167541503906e-01,1.000000000000000000e+00,1.000000000000000000e+00,1.000000000000000000e+00,9.995284080505371094e-01,1.000000000000000000e+00,1.000000000000000000e+00,1.000000000000000000e+00,1.000000000000000000e+00,1.000000000000000000e+00,1.000000000000000000e+00,1.000000000000000000e+00,9.976163506507873535e-01,1.000000000000000000e+00,1.000000000000000000e+00,1.000000000000000000e+00,1.000000000000000000e+00,1.000000000000000000e+00,1.000000000000000000e+00,1.000000000000000000e+00,9.869995117187500000e-01,9.990873932838439941e-01,9.961050152778625488e-01,1.000000000000000000e+00,9.877727627754211426e-01,1.000000000000000000e+00,1.000000000000000000e+00,1.000000000000000000e+00,1.000000000000000000e+00,1.000000000000000000e+00,1.000000000000000000e+00,1.000000000000000000e+00,1.000000000000000000e+00,1.000000000000000000e+00,1.000000000000000000e+00,1.000000000000000000e+00,1.000000000000000000e+00,1.000000000000000000e+00,9.023652076721191406e-01,1.000000000000000000e+00,8.895007967948913574e-01,8.801755905151367188e-01,8.026123046875000000e-01,1.000000000000000000e+00,9.815411567687988281e-01,1.000000000000000000e+00,1.000000000000000000e+00
7.876955866813659668e-01,6.703212261199951172e-01,8.026279807090759277e-01,7.553538680076599121e-01,7.876955866813659668e-01,1.000000000000000000e+00,7.876955866813659668e-01,7.941419482231140137e-01,7.780032753944396973e-01,7.906185984611511230e-01,7.876955866813659668e-01,7.876955866813659668e-01,7.876955866813659668e-01,7.843785285949707031e-01,7.876955866813659668e-01,7.876955866813659668e-01,7.876955866813659668e-01,7.876955866813659668e-01,7.876955866813659668e-01,7.876955866813659668e-01,7.876955866813659668e-01,7.700300216674804688e-01,7.876955866813659668e-01,7.876955866813659668e-01,7.884383797645568848e-01,7.681410312652587891e-01,7.876955866813659668e-01,7.876955866813659668e-01,7.876955866813659668e-01,7.839531898498535156e-01,7.876955866813659668e-01,7.876955866813659668e-01,7.876955866813659668e-01,7.870566248893737793e-01,7.876955866813659668e-01,7.876955866813659668e-01,7.876955866813659668e-01,7.876955866813659668e-01,7.876955866813659668e-01,7.876955866813659668e-01,7.876955866813659668e-01,7.876955866813659668e-01,7.876955866813659668e-01,7.876955866813659668e-01,7.876955866813659668e-01,7.872367501258850098e-01,7.876955866813659668e-01,7.876955866813659668e-01,7.876955866813659668e-01,7.814385294914245605e-01,7.876955866813659668e-01,7.876955866813659668e-01,7.876955866813659668e-01,7.869752049446105957e-01,7.876955866813659668e-01,7.876955866813659668e-01,7.876955866813659668e-01,7.876955866813659668e-01,7.876955866813659668e-01,7.876955866813659668e-01,7.876955866813659668e-01,7.876955866813659668e-01,7.876955866813659668e-01,7.876955866813659668e-01,7.876955866813659668e-01,8.035576939582824707e-01,7.876955866813659668e-01,7.876955866813659668e-01,7.876955866813659668e-01,7.853217720985412598e-01,7.876955866813659668e-01,7.876955866813659668e-01,7.876955866813659668e-01,7.867673039436340332e-01,7.876955866813659668e-01,7.876955866813659668e-01,7.876955866813659668e-01,7.876955866813659668e-01,7.876955866813659668e-01,7.876955866813659668e-01,7.876955866813659668e-01,7.876955866813659668e-01,7.876955866813659668e-01,7.876955866813659668e-01,7.876955866813659668e-01,7.778508067131042480e-01,7.876955866813659668e-01,7.876955866813659668e-01,7.876955866813659668e-01,7.876955866813659668e-01,7.876955866813659668e-01,7.876955866813659668e-01,7.876955866813659668e-01,7.865169644355773926e-01,7.876955866813659668e-01,7.876955866813659668e-01,7.876955866813659668e-01,7.850790023803710938e-01,7.876955866813659668e-01,7.876955866813659668e-01,7.876955866813659668e-01,7.876955866813659668e-01,7.876955866813659668e-01,7.876955866813659668e-01,7.876955866813659668e-01,7.808169722557067871e-01,7.876955866813659668e-01,7.876955866813659668e-01,7.876955866813659668e-01,7.876955866813659668e-01,7.876955866813659668e-01,7.876955866813659668e-01,7.876955866813659668e-01,7.692821621894836426e-01,7.874715924263000488e-01,7.814925312995910645e-01,7.876955866813659668e-01,7.765141129493713379e-01,7.876955866813659668e-01,7.876955866813659668e-01,7.876955866813659668e-01,7.876955866813659668e-01,7.876955866813659668e-01,7.876955866813659668e-01,7.876955866813659668e-01,7.876955866813659668e-01,7.876955866813659668e-01,7.876955866813659668e-01,7.876955866813659668e-01,7.876955866813659668e-01,7.876955866813659668e-01,7.157887816429138184e-01,7.876955866813659668e-01,6.819394230842590332e-01,7.851455807685852051e-01,7.088406085968017578e-01,7.876955866813659668e-01,7.688239216804504395e-01,7.876955866813659668e-01,7.876955866813659668e-01
1.000000000000000000e+00,8.544923663139343262e-01,9.719896912574768066e-01,9.643622040748596191e-01,1.000000000000000000e+00,7.876955866813659668e-01,1.000000000000000000e+00,9.997805953025817871e-01,9.972009658813476562e-01,9.986574649810791016e-01,1.000000000000000000e+00,1.000000000000000000e+00,1.000000000000000000e+00,9.993711113929748535e-01,1.000000000000000000e+00,1.000000000000000000e+00,1.000000000000000000e+00,1.000000000000000000e+00,1.000000000000000000e+00,1.000000000000000000e+00,1.000000000000000000e+00,9.788441658020019531e-01,1.000000000000000000e+00,1.000000000000000000e+00,9.999669194221496582e-01,9.531895518302917480e-01,1.000000000000000000e+00,1.000000000000000000e+00,1.000000000000000000e+00,9.977202415466308594e-01,1.000000000000000000e+00,1.000000000000000000e+00,1.000000000000000000e+00,9.998950362205505371e-01,1.000000000000000000e+00,1.000000000000000000e+00,1.000000000000000000e+00,1.000000000000000000e+00,1.000000000000000000e+00,1.000000000000000000e+00,1.000000000000000000e+00,1.000000000000000000e+00,1.000000000000000000e+00,1.000000000000000000e+00,1.000000000000000000e+00,9.444012641906738281e-01,1.000000000000000000e+00,1.000000000000000000e+00,1.000000000000000000e+00,9.966492652893066406e-01,1.000000000000000000e+00,1.000000000000000000e+00,1.000000000000000000e+00,9.992631077766418457e-01,1.000000000000000000e+00,1.000000000000000000e+00,1.000000000000000000e+00,1.000000000000000000e+00,1.000000000000000000e+00,1.000000000000000000e+00,1.000000000000000000e+00,1.000000000000000000e+00,1.000000000000000000e+00,1.000000000000000000e+00,1.000000000000000000e+00,9.578785300254821777e-01,1.000000000000000000e+00,1.000000000000000000e+00,1.000000000000000000e+00,9.994642138481140137e-01,1.000000000000000000e+00,1.000000000000000000e+00,1.000000000000000000e+00,9.998533725738525391e-01,1.000000000000000000e+00,1.000000000000000000e+00,1.000000000000000000e+00,1.000000000000000000e+00,1.000000000000000000e+00,1.000000000000000000e+00,1.000000000000000000e+00,1.000000000000000000e+00,1.000000000000000000e+00,1.000000000000000000e+00,1.000000000000000000e+00,9.917693138122558594e-01,1.000000000000000000e+00,1.000000000000000000e+00,1.000000000000000000e+00,1.000000000000000000e+00,1.000000000000000000e+00,1.000000000000000000e+00,1.000000000000000000e+00,9.999070167541503906e-01,1.000000000000000000e+00,1.000000000000000000e+00,1.000000000000000000e+00,9.995284080505371094e-01,1.000000000000000000e+00,1.000000000000000000e+00,1.000000000000000000e+00,1.000000000000000000e+00,1.000000000000000000e+00,1.000000000000000000e+00,1.000000000000000000e+00,9.976163506507873535e-01,1.000000000000000000e+00,1.000000000000000000e+00,1.000000000000000000e+00,1.000000000000000000e+00,1.000000000000000000e+00,1.000000000000000000e+00,1.000000000000000000e+00,9.869995117187500000e-01,9.990873932838439941e-01,9.961050152778625488e-01,1.000000000000000000e+00,9.877727627754211426e-01,1.000000000000000000e+00,1.000000000000000000e+00,1.000000000000000000e+00,1.000000000000000000e+00,1.000000000000000000e+00,1.000000000000000000e+00,1.000000000000000000e+00,1.000000000000000000e+00,1.000000000000000000e+00,1.000000000000000000e+00,1.000000000000000000e+00,1.000000000000000000e+00,1.000000000000000000e+00,9.023652076721191406e-01,1.000000000000000000e+00,8.895007967948913574e-01,8.801755905151367188e-01,8.026123046875000000e-01,1.000000000000000000e+00,9.815411567687988281e-01,1.000000000000000000e+00,1.000000000000000000e+00
9.997805953025817871e-01,8.507900834083557129e-01,9.721035957336425781e-01,9.650751948356628418e-01,9.997805953025817871e-01,7.941419482231140137e-01,9.997805953025817871e-01,1.000000000000000000e+00,9.961993098258972168e-01,9.984560012817382812e-01,9.997805953025817871e-01,9.997805953025817871e-01,9.997805953025817871e-01,9.987890720367431641e-01,9.997805953025817871e-01,9.997805953025817871e-01,9.997805953025817871e-01,9.997805953025817871e-01,9.997805953025817871e-01,9.997805953025817871e-01,9.997805953025817871e-01,9.780777096748352051e-01,9.997805953025817871e-01,9.997805953025817871e-01,9.998381733894348145e-01,9.521880149841308594e-01,9.997805953025817871e-01,9.997805953025817871e-01,9.997805953025817871e-01,9.973236918449401855e-01,9.997805953025817871e-01,9.997805953025817871e-01,9.997805953025817871e-01,9.996263980865478516e-01,9.997805953025817871e-01,9.997805953025817871e-01,9.997805953025817871e-01,9.997805953025817871e-01,9.997805953025817871e-01,9.997805953025817871e-01,9.997805953025817871e-01,9.997805953025817871e-01,9.997805953025817871e-01,9.997805953025817871e-01,9.997805953025817871e-01,9.426999092102050781e-01,9.997805953025817871e-01,9.997805953025817871e-01,9.997805953025817871e-01,9.963080883026123047e-01,9.997805953025817871e-01,9.997805953025817871e-01,9.997805953025817871e-01,9.990449547767639160e-01,9.997805953025817871e-01,9.997805953025817871e-01,9.997805953025817871e-01,9.997805953025817871e-01,9.997805953025817871e-01,9.997805953025817871e-01,9.997805953025817871e-01,9.997805953025817871e-01,9.997805953025817871e-01,9.997805953025817871e-01,9.997805953025817871e-01,9.577283859252929688e-01,9.997805953025817871e-01,9.997805953025817871e-01,9.997805953025817871e-01,9.990267753601074219e-01,9.997805953025817871e-01,9.997805953025817871e-01,9.997805953025817871e-01,9.995336532592773438e-01,9.997805953025817871e-01,9.997805953025817871e-01,9.997805953025817871e-01,9.997805953025817871e-01,9.997805953025817871e-01,9.997805953025817871e-01,9.997805953025817871e-01,9.997805953025817871e-01,9.997805953025817871e-01,9.997805953025817871e-01,9.997805953025817871e-01,9.908900260925292969e-01,9.997805953025817871e-01,9.997805953025817871e-01,9.997805953025817871e-01,9.997805953025817871e-01,9.997805953025817871e-01,9.997805953025817871e-01,9.997805953025817871e-01,9.995709061622619629e-01,9.997805953025817871e-01,9.997805953025817871e-01,9.997805953025817871e-01,9.990460276603698730e-01,9.997805953025817871e-01,9.997805953025817871e-01,9.997805953025817871e-01,9.997805953025817871e-01,9.997805953025817871e-01,9.997805953025817871e-01,9.997805953025817871e-01,9.975374341011047363e-01,9.997805953025817871e-01,9.997805953025817871e-01,9.997805953025817871e-01,9.997805953025817871e-01,9.997805953025817871e-01,9.997805953025817871e-01,9.997805953025817871e-01,9.858849644660949707e-01,9.992003440856933594e-01,9.957302212715148926e-01,9.997805953025817871e-01,9.869616627693176270e-01,9.997805953025817871e-01,9.997805953025817871e-01,9.997805953025817871e-01,9.997805953025817871e-01,9.997805953025817871e-01,9.997805953025817871e-01,9.997805953025817871e-01,9.997805953025817871e-01,9.997805953025817871e-01,9.997805953025817871e-01,9.997805953025817871e-01,9.997805953025817871e-01,9.997805953025817871e-01,8.993799090385437012e-01,9.997805953025817871e-01,8.895578384399414062e-01,8.856117129325866699e-01,8.054682612419128418e-01,9.997805953025817871e-01,9.819449782371520996e-01,9.997805953025817871e-01,9.997805953025817871e-01
9.972009658813476562e-01,8.792778849601745605e-01,9.722332954406738281e-01,9.536928534507751465e-01,9.972009658813476562e-01,7.780032753944396973e-01,9.972009658813476562e-01,9.961993098258972168e-01,1.000000000000000000e+00,9.937034249305725098e-01,9.972009658813476562e-01,9.972009658813476562e-01,9.972009658813476562e-01,9.990480542182922363e-01,9.972009658813476562e-01,9.972009658813476562e-01,9.972009658813476562e-01,9.972009658813476562e-01,9.972009658813476562e-01,9.972009658813476562e-01,9.972009658813476562e-01,9.711491465568542480e-01,9.972009658813476562e-01,9.972009658813476562e-01,9.969895482063293457e-01,9.652660489082336426e-01,9.972009658813476562e-01,9.972009658813476562e-01,9.972009658813476562e-01,9.927527904510498047e-01,9.972009658813476562e-01,9.972009658813476562e-01,9.972009658813476562e-01,9.966506958007812500e-01,9.972009658813476562e-01,9.972009658813476562e-01,9.972009658813476562e-01,9.972009658813476562e-01,9.972009658813476562e-01,9.972009658813476562e-01,9.972009658813476562e-01,9.972009658813476562e-01,9.972009658813476562e-01,9.972009658813476562e-01,9.972009658813476562e-01,9.530156254768371582e-01,9.972009658813476562e-01,9.972009658813476562e-01,9.972009658813476562e-01,9.906931519508361816e-01,9.972009658813476562e-01,9.972009658813476562e-01,9.972009658813476562e-01,9.947709441184997559e-01,9.972009658813476562e-01,9.972009658813476562e-01,9.972009658813476562e-01,9.972009658813476562e-01,9.972009658813476562e-01,9.972009658813476562e-01,9.972009658813476562e-01,9.972009658813476562e-01,9.972009658813476562e-01,9.972009658813476562e-01,9.972009658813476562e-01,9.549396634101867676e-01,9.972009658813476562e-01,9.972009658813476562e-01,9.972009658813476562e-01,9.964790344238281250e-01,9.972009658813476562e-01,9.972009658813476562e-01,9.972009658813476562e-01,9.968502521514892578e-01,9.972009658813476562e-01,9.972009658813476562e-01,9.972009658813476562e-01,9.972009658813476562e-01,9.972009658813476562e-01,9.972009658813476562e-01,9.972009658813476562e-01,9.972009658813476562e-01,9.972009658813476562e-01,9.972009658813476562e-01,9.972009658813476562e-01,9.863498806953430176e-01,9.972009658813476562e-01,9.972009658813476562e-01,9.972009658813476562e-01,9.972009658813476562e-01,9.972009658813476562e-01,9.972009658813476562e-01,9.972009658813476562e-01,9.971514344215393066e-01,9.972009658813476562e-01,9.972009658813476562e-01,9.972009658813476562e-01,9.968588948249816895e-01,9.972009658813476562e-01,9.972009658813476562e-01,9.972009658813476562e-01,9.972009658813476562e-01,9.972009658813476562e-01,9.972009658813476562e-01,9.972009658813476562e-01,9.930717945098876953e-01,9.972009658813476562e-01,9.972009658813476562e-01,9.972009658813476562e-01,9.972009658813476562e-01,9.972009658813476562e-01,9.972009658813476562e-01,9.972009658813476562e-01,9.805055260658264160e-01,9.941425919532775879e-01,9.972942471504211426e-01,9.972009658813476562e-01,9.809363484382629395e-01,9.972009658813476562e-01,9.972009658813476562e-01,9.972009658813476562e-01,9.972009658813476562e-01,9.972009658813476562e-01,9.972009658813476562e-01,9.972009658813476562e-01,9.972009658813476562e-01,9.972009658813476562e-01,9.972009658813476562e-01,9.972009658813476562e-01,9.972009658813476562e-01,9.972009658813476562e-01,9.240717887878417969e-01,9.972009658813476562e-01,8.790176510810852051e-01,8.702099919319152832e-01,7.904642224311828613e-01,9.972009658813476562e-01,9.694575667381286621e-01,9.972009658813476562e-01,9.972009658813476562e-01
9.986574649810791016e-01,8.453237414360046387e-01,9.720357060432434082e-01,9.650611877441406250e-01,9.986574649810791016e-01,7.906185984611511230e-01,9.986574649810791016e-01,9.984560012817382812e-01,9.937034249305725098e-01,1.000000000000000000e+00,9.986574649810791016e-01,9.986574649810791016e-01,9.986574649810791016e-01,9.970427155494689941e-01,9.986574649810791016e-01,9.986574649810791016e-01,9.986574649810791016e-01,9.986574649810791016e-01,9.986574649810791016e-01,9.986574649810791016e-01,9.986574649810791016e-01,9.849569797515869141e-01,9.986574649810791016e-01,9.986574649810791016e-01,9.984984397888183594e-01,9.459808468818664551e-01,9.986574649810791016e-01,9.986574649810791016e-01,9.986574649810791016e-01,9.995592236518859863e-01,9.986574649810791016e-01,9.986574649810791016e-01,9.986574649810791016e-01,9.992352128028869629e-01,9.986574649810791016e-01,9.986574649810791016e-01,9.986574649810791016e-01,9.986574649810791016e-01,9.986574649810791016e-01,9.986574649810791016e-01,9.986574649810791016e-01,9.986574649810791016e-01,9.986574649810791016e-01,9.986574649810791016e-01,9.986574649810791016e-01,9.425312876701354980e-01,9.986574649810791016e-01,9.986574649810791016e-01,9.986574649810791016e-01,9.990307688713073730e-01,9.986574649810791016e-01,9.986574649810791016e-01,9.986574649810791016e-01,9.997654557228088379e-01,9.986574649810791016e-01,9.986574649810791016e-01,9.986574649810791016e-01,9.986574649810791016e-01,9.986574649810791016e-01,9.986574649810791016e-01,9.986574649810791016e-01,9.986574649810791016e-01,9.986574649810791016e-01,9.986574649810791016e-01,9.986574649810791016e-01,9.566526412963867188e-01,9.986574649810791016e-01,9.986574649810791016e-01,9.986574649810791016e-01,9.992041587829589844e-01,9.986574649810791016e-01,9.986574649810791016e-01,9.986574649810791016e-01,9.991803169250488281e-01,9.986574649810791016e-01,9.986574649810791016e-01,9.986574649810791016e-01,9.986574649810791016e-01,9.986574649810791016e-01,9.986574649810791016e-01,9.986574649810791016e-01,9.986574649810791016e-01,9.986574649810791016e-01,9.986574649810791016e-01,9.986574649810791016e-01,9.959517121315002441e-01,9.986574649810791016e-01,9.986574649810791016e-01,9.986574649810791016e-01,9.986574649810791016e-01,9.986574649810791016e-01,9.986574649810791016e-01,9.986574649810791016e-01,9.989471435546875000e-01,9.986574649810791016e-01,9.986574649810791016e-01,9.986574649810791016e-01,9.990721344947814941e-01,9.986574649810791016e-01,9.986574649810791016e-01,9.986574649810791016e-01,9.986574649810791016e-01,9.986574649810791016e-01,9.986574649810791016e-01,9.986574649810791016e-01,9.970261454582214355e-01,9.986574649810791016e-01,9.986574649810791016e-01,9.986574649810791016e-01,9.986574649810791016e-01,9.986574649810791016e-01,9.986574649810791016e-01,9.986574649810791016e-01,9.924007058143615723e-01,9.984071254730224609e-01,9.911854863166809082e-01,9.986574649810791016e-01,9.934864640235900879e-01,9.986574649810791016e-01,9.986574649810791016e-01,9.986574649810791016e-01,9.986574649810791016e-01,9.986574649810791016e-01,9.986574649810791016e-01,9.986574649810791016e-01,9.986574649810791016e-01,9.986574649810791016e-01,9.986574649810791016e-01,9.986574649810791016e-01,9.986574649810791016e-01,9.986574649810791016e-01,8.941116333007812500e-01,9.986574649810791016e-01,8.853189349174499512e-01,8.781607747077941895e-01,8.003416061401367188e-01,9.986574649810791016e-01,9.851157069206237793e-01,9.986574649810791016e-01,9.986574649810791016e-01
1.000000000000000000e+00,8.544923663139343262e-01,9.719896912574768066e-01,9.643622040748596191e-01,1.000000000000000000e+00,7.876955866813659668e-01,1.000000000000000000e+00,9.997805953025817871e-01,9.972009658813476562e-01,9.986574649810791016e-01,1.000000000000000000e+00,1.000000000000000000e+00,1.000000000000000000e+00,9.993711113929748535e-01,1.000000000000000000e+00,1.000000000000000000e+00,1.000000000000000000e+00,1.000000000000000000e+00,1.000000000000000000e+00,1.000000000000000000e+00,1.000000000000000000e+00,9.788441658020019531e-01,1.000000000000000000e+00,1.000000000000000000e+00,9.999669194221496582e-01,9.531895518302917480e-01,1.000000000000000000e+00,1.000000000000000000e+00,1.000000000000000000e+00,9.977202415466308594e-01,1.000000000000000000e+00,1.000000000000000000e+00,1.000000000000000000e+00,9.998950362205505371e-01,1.000000000000000000e+00,1.000000000000000000e+00,1.000000000000000000e+00,1.000000000000000000e+00,1.000000000000000000e+00,1.000000000000000000e+00,1.000000000000000000e+00,1.000000000000000000e+00,1.000000000000000000e+00,1.000000000000000000e+00,1.000000000000000000e+00,9.444012641906738281e-01,1.000000000000000000e+00,1.000000000000000000e+00,1.000000000000000000e+00,9.966492652893066406e-01,1.000000000000000000e+00,1.000000000000000000e+00,1.000000000000000000e+00,9.992631077766418457e-01,1.000000000000000000e+00,1.000000000000000000e+00,1.000000000000000000e+00,1.000000000000000000e+00,1.000000000000000000e+00,1.000000000000000000e+00,1.000000000000000000e+00,1.000000000000000000e+00,1.000000000000000000e+00,1.000000000000000000e+00,1.000000000000000000e+00,9.578785300254821777e-01,1.000000000000000000e+00,1.000000000000000000e+00,1.000000000000000000e+00,9.994642138481140137e-01,1.000000000000000000e+00,1.000000000000000000e+00,1.000000000000000000e+00,9.998533725738525391e-01,1.000000000000000000e+00,1.000000000000000000e+00,1.000000000000000000e+00,1.000000000000000000e+00,1.000000000000000000e+00,1.000000000000000000e+00,1.000000000000000000e+00,1.000000000000000000e+00,1.000000000000000000e+00,1.000000000000000000e+00,1.000000000000000000e+00,9.917693138122558594e-01,1.000000000000000000e+00,1.000000000000000000e+00,1.000000000000000000e+00,1.000000000000000000e+00,1.000000000000000000e+00,1.000000000000000000e+00,1.000000000000000000e+00,9.999070167541503906e-01,1.000000000000000000e+00,1.000000000000000000e+00,1.000000000000000000e+00,9.995284080505371094e-01,1.000000000000000000e+00,1.000000000000000000e+00,1.000000000000000000e+00,1.000000000000000000e+00,1.000000000000000000e+00,1.000000000000000000e+00,1.000000000000000000e+00,9.976163506507873535e-01,1.000000000000000000e+00,1.000000000000000000e+00,1.000000000000000000e+00,1.000000000000000000e+00,1.000000000000000000e+00,1.000000000000000000e+00,1.000000000000000000e+00,9.869995117187500000e-01,9.990873932838439941e-01,9.961050152778625488e-01,1.000000000000000000e+00,9.877727627754211426e-01,1.000000000000000000e+00,1.000000000000000000e+00,1.000000000000000000e+00,1.000000000000000000e+00,1.000000000000000000e+00,1.000000000000000000e+00,1.000000000000000000e+00,1.000000000000000000e+00,1.000000000000000000e+00,1.000000000000000000e+00,1.000000000000000000e+00,1.000000000000000000e+00,1.000000000000000000e+00,9.023652076721191406e-01,1.000000000000000000e+00,8.895007967948913574e-01,8.801755905151367188e-01,8.026123046875000000e-01,1.000000000000000000e+00,9.815411567687988281e-01,1.000000000000000000e+00,1.000000000000000000e+00
